"@timestamp","@version","_id","_ignored","_index","_score","agent.ephemeral_id","agent.ephemeral_id.keyword","agent.id","agent.id.keyword","agent.name","agent.name.keyword","agent.type","agent.type.keyword","agent.version","agent.version.keyword","ecs.version","ecs.version.keyword","event.original","event.original.keyword","input.type","input.type.keyword","labels.type","labels.type.keyword","log.file.device_id","log.file.fingerprint","log.file.fingerprint.keyword","log.file.inode","log.file.path","log.file.path.keyword","log.offset","log.syslog.appname","log.syslog.appname.keyword","log.syslog.hostname","log.syslog.hostname.keyword",message,"message.keyword","sof-elk.base_index","sof-elk.path","sof-elk.processing_time",tags,"tags.keyword"
"2026-02-14 08:44:34.867 +00:00",1,"_3RSW5wBjj3VEg7fxJ_E","-","logstash-2026.02","-","bb7e1ec4-e003-4ed8-82b1-1a1ec31d436f","bb7e1ec4-e003-4ed8-82b1-1a1ec31d436f","ece913e0-ebed-4674-b6b2-e5a772b6637b","ece913e0-ebed-4674-b6b2-e5a772b6637b","sof-elk","sof-elk",filebeat,filebeat,"9.1.5","9.1.5","8.0.0","8.0.0","127.0.0.1 - - [14/Feb/2026:07:26:52 +0000] ""GET /assets/img/favicon.png HTTP/1.1"" 200 4351 ""-"" ""Mozilla/5.0 (X11; Linux x86_64) AppleWebKit/537.36 (KHTML, like Gecko) Chrome/134.0.0.0 Safari/537.36""","127.0.0.1 - - [14/Feb/2026:07:26:52 +0000] ""GET /assets/img/favicon.png HTTP/1.1"" 200 4351 ""-"" ""Mozilla/5.0 (X11; Linux x86_64) AppleWebKit/537.36 (KHTML, like Gecko) Chrome/134.0.0.0 Safari/537.36""",filestream,filestream,syslog,syslog,"64,513",cde16b666e044aa70d9bb73d67b438d41d7dfc8fb60fa7d49061e44c9a7c1f1f,cde16b666e044aa70d9bb73d67b438d41d7dfc8fb60fa7d49061e44c9a7c1f1f,"5,636,113","/logstash/syslog/access.log","/logstash/syslog/access.log","13,711","-","-","127.0.0.1","127.0.0.1","- [14/Feb/2026:07:26:52 +0000] ""GET /assets/img/favicon.png HTTP/1.1"" 200 4351 ""-"" ""Mozilla/5.0 (X11; Linux x86_64) AppleWebKit/537.36 (KHTML, like Gecko) Chrome/134.0.0.0 Safari/537.36""","- [14/Feb/2026:07:26:52 +0000] ""GET /assets/img/favicon.png HTTP/1.1"" 200 4351 ""-"" ""Mozilla/5.0 (X11; Linux x86_64) AppleWebKit/537.36 (KHTML, like Gecko) Chrome/134.0.0.0 Safari/537.36""",logstash,"filebeat: /logstash/syslog/access.log","1.074","process_archive, filebeat, beats_input_codec_plain_applied, _grokparsefailure_1100-01, _grokparsefail_6018-01","process_archive, filebeat, beats_input_codec_plain_applied, _grokparsefailure_1100-01, _grokparsefail_6018-01"
"2026-02-14 08:44:34.867 +00:00",1,c3RSW5wBjj3VEg7fxKDE,"-","logstash-2026.02","-","bb7e1ec4-e003-4ed8-82b1-1a1ec31d436f","bb7e1ec4-e003-4ed8-82b1-1a1ec31d436f","ece913e0-ebed-4674-b6b2-e5a772b6637b","ece913e0-ebed-4674-b6b2-e5a772b6637b","sof-elk","sof-elk",filebeat,filebeat,"9.1.5","9.1.5","8.0.0","8.0.0","10.10.16.46 - - [14/Feb/2026:07:20:52 +0000] ""GET /assets/js/jquery.dropotron.min.js HTTP/1.1"" 200 5106 ""http://browsed.htb/"" ""Mozilla/5.0 (X11; Linux x86_64) AppleWebKit/537.36 (KHTML, like Gecko) Chrome/144.0.0.0 Safari/537.36""","10.10.16.46 - - [14/Feb/2026:07:20:52 +0000] ""GET /assets/js/jquery.dropotron.min.js HTTP/1.1"" 200 5106 ""http://browsed.htb/"" ""Mozilla/5.0 (X11; Linux x86_64) AppleWebKit/537.36 (KHTML, like Gecko) Chrome/144.0.0.0 Safari/537.36""",filestream,filestream,syslog,syslog,"64,513",cde16b666e044aa70d9bb73d67b438d41d7dfc8fb60fa7d49061e44c9a7c1f1f,cde16b666e044aa70d9bb73d67b438d41d7dfc8fb60fa7d49061e44c9a7c1f1f,"5,636,113","/logstash/syslog/access.log","/logstash/syslog/access.log","6,088","-","-","10.10.16.46","10.10.16.46","- [14/Feb/2026:07:20:52 +0000] ""GET /assets/js/jquery.dropotron.min.js HTTP/1.1"" 200 5106 ""http://browsed.htb/"" ""Mozilla/5.0 (X11; Linux x86_64) AppleWebKit/537.36 (KHTML, like Gecko) Chrome/144.0.0.0 Safari/537.36""","- [14/Feb/2026:07:20:52 +0000] ""GET /assets/js/jquery.dropotron.min.js HTTP/1.1"" 200 5106 ""http://browsed.htb/"" ""Mozilla/5.0 (X11; Linux x86_64) AppleWebKit/537.36 (KHTML, like Gecko) Chrome/144.0.0.0 Safari/537.36""",logstash,"filebeat: /logstash/syslog/access.log","0.914","process_archive, filebeat, beats_input_codec_plain_applied, _grokparsefailure_1100-01, _grokparsefail_6018-01","process_archive, filebeat, beats_input_codec_plain_applied, _grokparsefailure_1100-01, _grokparsefail_6018-01"
"2026-02-14 08:44:34.867 +00:00",1,dHRSW5wBjj3VEg7fxKDE,"-","logstash-2026.02","-","bb7e1ec4-e003-4ed8-82b1-1a1ec31d436f","bb7e1ec4-e003-4ed8-82b1-1a1ec31d436f","ece913e0-ebed-4674-b6b2-e5a772b6637b","ece913e0-ebed-4674-b6b2-e5a772b6637b","sof-elk","sof-elk",filebeat,filebeat,"9.1.5","9.1.5","8.0.0","8.0.0","10.10.16.46 - - [14/Feb/2026:07:20:58 +0000] ""GET /assets/js/breakpoints.min.js HTTP/1.1"" 200 2439 ""http://browsed.htb/"" ""Mozilla/5.0 (X11; Linux x86_64) AppleWebKit/537.36 (KHTML, like Gecko) Chrome/144.0.0.0 Safari/537.36""","10.10.16.46 - - [14/Feb/2026:07:20:58 +0000] ""GET /assets/js/breakpoints.min.js HTTP/1.1"" 200 2439 ""http://browsed.htb/"" ""Mozilla/5.0 (X11; Linux x86_64) AppleWebKit/537.36 (KHTML, like Gecko) Chrome/144.0.0.0 Safari/537.36""",filestream,filestream,syslog,syslog,"64,513",cde16b666e044aa70d9bb73d67b438d41d7dfc8fb60fa7d49061e44c9a7c1f1f,cde16b666e044aa70d9bb73d67b438d41d7dfc8fb60fa7d49061e44c9a7c1f1f,"5,636,113","/logstash/syslog/access.log","/logstash/syslog/access.log","6,989","-","-","10.10.16.46","10.10.16.46","- [14/Feb/2026:07:20:58 +0000] ""GET /assets/js/breakpoints.min.js HTTP/1.1"" 200 2439 ""http://browsed.htb/"" ""Mozilla/5.0 (X11; Linux x86_64) AppleWebKit/537.36 (KHTML, like Gecko) Chrome/144.0.0.0 Safari/537.36""","- [14/Feb/2026:07:20:58 +0000] ""GET /assets/js/breakpoints.min.js HTTP/1.1"" 200 2439 ""http://browsed.htb/"" ""Mozilla/5.0 (X11; Linux x86_64) AppleWebKit/537.36 (KHTML, like Gecko) Chrome/144.0.0.0 Safari/537.36""",logstash,"filebeat: /logstash/syslog/access.log","0.914","process_archive, filebeat, beats_input_codec_plain_applied, _grokparsefailure_1100-01, _grokparsefail_6018-01","process_archive, filebeat, beats_input_codec_plain_applied, _grokparsefailure_1100-01, _grokparsefail_6018-01"
"2026-02-14 08:44:34.867 +00:00",1,"c3RSW5wBjj3VEg7fxJ_D","-","logstash-2026.02","-","bb7e1ec4-e003-4ed8-82b1-1a1ec31d436f","bb7e1ec4-e003-4ed8-82b1-1a1ec31d436f","ece913e0-ebed-4674-b6b2-e5a772b6637b","ece913e0-ebed-4674-b6b2-e5a772b6637b","sof-elk","sof-elk",filebeat,filebeat,"9.1.5","9.1.5","8.0.0","8.0.0","10.10.16.46 - - [14/Feb/2026:07:20:56 +0000] ""GET /assets/js/browser.min.js HTTP/1.1"" 200 2051 ""http://browsed.htb/"" ""Mozilla/5.0 (X11; Linux x86_64) AppleWebKit/537.36 (KHTML, like Gecko) Chrome/144.0.0.0 Safari/537.36""","10.10.16.46 - - [14/Feb/2026:07:20:56 +0000] ""GET /assets/js/browser.min.js HTTP/1.1"" 200 2051 ""http://browsed.htb/"" ""Mozilla/5.0 (X11; Linux x86_64) AppleWebKit/537.36 (KHTML, like Gecko) Chrome/144.0.0.0 Safari/537.36""",filestream,filestream,syslog,syslog,"64,513",cde16b666e044aa70d9bb73d67b438d41d7dfc8fb60fa7d49061e44c9a7c1f1f,cde16b666e044aa70d9bb73d67b438d41d7dfc8fb60fa7d49061e44c9a7c1f1f,"5,636,113","/logstash/syslog/access.log","/logstash/syslog/access.log","6,547","-","-","10.10.16.46","10.10.16.46","- [14/Feb/2026:07:20:56 +0000] ""GET /assets/js/browser.min.js HTTP/1.1"" 200 2051 ""http://browsed.htb/"" ""Mozilla/5.0 (X11; Linux x86_64) AppleWebKit/537.36 (KHTML, like Gecko) Chrome/144.0.0.0 Safari/537.36""","- [14/Feb/2026:07:20:56 +0000] ""GET /assets/js/browser.min.js HTTP/1.1"" 200 2051 ""http://browsed.htb/"" ""Mozilla/5.0 (X11; Linux x86_64) AppleWebKit/537.36 (KHTML, like Gecko) Chrome/144.0.0.0 Safari/537.36""",logstash,"filebeat: /logstash/syslog/access.log","0.992","process_archive, filebeat, beats_input_codec_plain_applied, _grokparsefailure_1100-01, _grokparsefail_6018-01","process_archive, filebeat, beats_input_codec_plain_applied, _grokparsefailure_1100-01, _grokparsefail_6018-01"
"2026-02-14 08:44:34.867 +00:00",1,"dXRSW5wBjj3VEg7fxJ_D","-","logstash-2026.02","-","bb7e1ec4-e003-4ed8-82b1-1a1ec31d436f","bb7e1ec4-e003-4ed8-82b1-1a1ec31d436f","ece913e0-ebed-4674-b6b2-e5a772b6637b","ece913e0-ebed-4674-b6b2-e5a772b6637b","sof-elk","sof-elk",filebeat,filebeat,"9.1.5","9.1.5","8.0.0","8.0.0","10.10.16.46 - - [14/Feb/2026:07:20:59 +0000] ""GET /assets/js/main.js HTTP/1.1"" 200 4836 ""http://browsed.htb/"" ""Mozilla/5.0 (X11; Linux x86_64) AppleWebKit/537.36 (KHTML, like Gecko) Chrome/144.0.0.0 Safari/537.36""","10.10.16.46 - - [14/Feb/2026:07:20:59 +0000] ""GET /assets/js/main.js HTTP/1.1"" 200 4836 ""http://browsed.htb/"" ""Mozilla/5.0 (X11; Linux x86_64) AppleWebKit/537.36 (KHTML, like Gecko) Chrome/144.0.0.0 Safari/537.36""",filestream,filestream,syslog,syslog,"64,513",cde16b666e044aa70d9bb73d67b438d41d7dfc8fb60fa7d49061e44c9a7c1f1f,cde16b666e044aa70d9bb73d67b438d41d7dfc8fb60fa7d49061e44c9a7c1f1f,"5,636,113","/logstash/syslog/access.log","/logstash/syslog/access.log","7,429","-","-","10.10.16.46","10.10.16.46","- [14/Feb/2026:07:20:59 +0000] ""GET /assets/js/main.js HTTP/1.1"" 200 4836 ""http://browsed.htb/"" ""Mozilla/5.0 (X11; Linux x86_64) AppleWebKit/537.36 (KHTML, like Gecko) Chrome/144.0.0.0 Safari/537.36""","- [14/Feb/2026:07:20:59 +0000] ""GET /assets/js/main.js HTTP/1.1"" 200 4836 ""http://browsed.htb/"" ""Mozilla/5.0 (X11; Linux x86_64) AppleWebKit/537.36 (KHTML, like Gecko) Chrome/144.0.0.0 Safari/537.36""",logstash,"filebeat: /logstash/syslog/access.log","0.992","process_archive, filebeat, beats_input_codec_plain_applied, _grokparsefailure_1100-01, _grokparsefail_6018-01","process_archive, filebeat, beats_input_codec_plain_applied, _grokparsefailure_1100-01, _grokparsefail_6018-01"
"2026-02-14 08:44:34.867 +00:00",1,"eHRSW5wBjj3VEg7fxJ_D","-","logstash-2026.02","-","bb7e1ec4-e003-4ed8-82b1-1a1ec31d436f","bb7e1ec4-e003-4ed8-82b1-1a1ec31d436f","ece913e0-ebed-4674-b6b2-e5a772b6637b","ece913e0-ebed-4674-b6b2-e5a772b6637b","sof-elk","sof-elk",filebeat,filebeat,"9.1.5","9.1.5","8.0.0","8.0.0","10.10.16.46 - - [14/Feb/2026:07:21:01 +0000] ""GET /assets/css/images/overlay.png HTTP/1.1"" 200 17682 ""http://browsed.htb/assets/css/main.css"" ""Mozilla/5.0 (X11; Linux x86_64) AppleWebKit/537.36 (KHTML, like Gecko) Chrome/144.0.0.0 Safari/537.36""","10.10.16.46 - - [14/Feb/2026:07:21:01 +0000] ""GET /assets/css/images/overlay.png HTTP/1.1"" 200 17682 ""http://browsed.htb/assets/css/main.css"" ""Mozilla/5.0 (X11; Linux x86_64) AppleWebKit/537.36 (KHTML, like Gecko) Chrome/144.0.0.0 Safari/537.36""",filestream,filestream,syslog,syslog,"64,513",cde16b666e044aa70d9bb73d67b438d41d7dfc8fb60fa7d49061e44c9a7c1f1f,cde16b666e044aa70d9bb73d67b438d41d7dfc8fb60fa7d49061e44c9a7c1f1f,"5,636,113","/logstash/syslog/access.log","/logstash/syslog/access.log","8,370","-","-","10.10.16.46","10.10.16.46","- [14/Feb/2026:07:21:01 +0000] ""GET /assets/css/images/overlay.png HTTP/1.1"" 200 17682 ""http://browsed.htb/assets/css/main.css"" ""Mozilla/5.0 (X11; Linux x86_64) AppleWebKit/537.36 (KHTML, like Gecko) Chrome/144.0.0.0 Safari/537.36""","- [14/Feb/2026:07:21:01 +0000] ""GET /assets/css/images/overlay.png HTTP/1.1"" 200 17682 ""http://browsed.htb/assets/css/main.css"" ""Mozilla/5.0 (X11; Linux x86_64) AppleWebKit/537.36 (KHTML, like Gecko) Chrome/144.0.0.0 Safari/537.36""",logstash,"filebeat: /logstash/syslog/access.log","0.992","process_archive, filebeat, beats_input_codec_plain_applied, _grokparsefailure_1100-01, _grokparsefail_6018-01","process_archive, filebeat, beats_input_codec_plain_applied, _grokparsefailure_1100-01, _grokparsefail_6018-01"
"2026-02-14 08:44:34.867 +00:00",1,"enRSW5wBjj3VEg7fxJ_D","-","logstash-2026.02","-","bb7e1ec4-e003-4ed8-82b1-1a1ec31d436f","bb7e1ec4-e003-4ed8-82b1-1a1ec31d436f","ece913e0-ebed-4674-b6b2-e5a772b6637b","ece913e0-ebed-4674-b6b2-e5a772b6637b","sof-elk","sof-elk",filebeat,filebeat,"9.1.5","9.1.5","8.0.0","8.0.0","10.10.16.46 - - [14/Feb/2026:07:21:26 +0000] ""GET /upload.php HTTP/1.1"" 200 2375 ""http://browsed.htb/"" ""Mozilla/5.0 (X11; Linux x86_64) AppleWebKit/537.36 (KHTML, like Gecko) Chrome/144.0.0.0 Safari/537.36""","10.10.16.46 - - [14/Feb/2026:07:21:26 +0000] ""GET /upload.php HTTP/1.1"" 200 2375 ""http://browsed.htb/"" ""Mozilla/5.0 (X11; Linux x86_64) AppleWebKit/537.36 (KHTML, like Gecko) Chrome/144.0.0.0 Safari/537.36""",filestream,filestream,syslog,syslog,"64,513",cde16b666e044aa70d9bb73d67b438d41d7dfc8fb60fa7d49061e44c9a7c1f1f,cde16b666e044aa70d9bb73d67b438d41d7dfc8fb60fa7d49061e44c9a7c1f1f,"5,636,113","/logstash/syslog/access.log","/logstash/syslog/access.log","9,356","-","-","10.10.16.46","10.10.16.46","- [14/Feb/2026:07:21:26 +0000] ""GET /upload.php HTTP/1.1"" 200 2375 ""http://browsed.htb/"" ""Mozilla/5.0 (X11; Linux x86_64) AppleWebKit/537.36 (KHTML, like Gecko) Chrome/144.0.0.0 Safari/537.36""","- [14/Feb/2026:07:21:26 +0000] ""GET /upload.php HTTP/1.1"" 200 2375 ""http://browsed.htb/"" ""Mozilla/5.0 (X11; Linux x86_64) AppleWebKit/537.36 (KHTML, like Gecko) Chrome/144.0.0.0 Safari/537.36""",logstash,"filebeat: /logstash/syslog/access.log","0.992","process_archive, filebeat, beats_input_codec_plain_applied, _grokparsefailure_1100-01, _grokparsefail_6018-01","process_archive, filebeat, beats_input_codec_plain_applied, _grokparsefailure_1100-01, _grokparsefail_6018-01"
"2026-02-14 08:44:34.867 +00:00",1,"fHRSW5wBjj3VEg7fxJ_D","-","logstash-2026.02","-","bb7e1ec4-e003-4ed8-82b1-1a1ec31d436f","bb7e1ec4-e003-4ed8-82b1-1a1ec31d436f","ece913e0-ebed-4674-b6b2-e5a772b6637b","ece913e0-ebed-4674-b6b2-e5a772b6637b","sof-elk","sof-elk",filebeat,filebeat,"9.1.5","9.1.5","8.0.0","8.0.0","::1 - - [14/Feb/2026:07:26:52 +0000] ""GET /images/pic01.jpg HTTP/1.1"" 200 3449 ""http://localhost/"" ""Mozilla/5.0 (X11; Linux x86_64) AppleWebKit/537.36 (KHTML, like Gecko) Chrome/134.0.0.0 Safari/537.36""","::1 - - [14/Feb/2026:07:26:52 +0000] ""GET /images/pic01.jpg HTTP/1.1"" 200 3449 ""http://localhost/"" ""Mozilla/5.0 (X11; Linux x86_64) AppleWebKit/537.36 (KHTML, like Gecko) Chrome/134.0.0.0 Safari/537.36""",filestream,filestream,syslog,syslog,"64,513",cde16b666e044aa70d9bb73d67b438d41d7dfc8fb60fa7d49061e44c9a7c1f1f,cde16b666e044aa70d9bb73d67b438d41d7dfc8fb60fa7d49061e44c9a7c1f1f,"5,636,113","/logstash/syslog/access.log","/logstash/syslog/access.log","10,118","-","-","::1","::1","- [14/Feb/2026:07:26:52 +0000] ""GET /images/pic01.jpg HTTP/1.1"" 200 3449 ""http://localhost/"" ""Mozilla/5.0 (X11; Linux x86_64) AppleWebKit/537.36 (KHTML, like Gecko) Chrome/134.0.0.0 Safari/537.36""","- [14/Feb/2026:07:26:52 +0000] ""GET /images/pic01.jpg HTTP/1.1"" 200 3449 ""http://localhost/"" ""Mozilla/5.0 (X11; Linux x86_64) AppleWebKit/537.36 (KHTML, like Gecko) Chrome/134.0.0.0 Safari/537.36""",logstash,"filebeat: /logstash/syslog/access.log","0.992","process_archive, filebeat, beats_input_codec_plain_applied, _grokparsefailure_1100-01, _grokparsefail_6018-01","process_archive, filebeat, beats_input_codec_plain_applied, _grokparsefailure_1100-01, _grokparsefail_6018-01"
"2026-02-14 08:44:34.867 +00:00",1,"g3RSW5wBjj3VEg7fxJ_D","-","logstash-2026.02","-","bb7e1ec4-e003-4ed8-82b1-1a1ec31d436f","bb7e1ec4-e003-4ed8-82b1-1a1ec31d436f","ece913e0-ebed-4674-b6b2-e5a772b6637b","ece913e0-ebed-4674-b6b2-e5a772b6637b","sof-elk","sof-elk",filebeat,filebeat,"9.1.5","9.1.5","8.0.0","8.0.0","::1 - - [14/Feb/2026:07:26:52 +0000] ""GET /assets/js/jquery.scrollex.min.js HTTP/1.1"" 200 2257 ""http://localhost/"" ""Mozilla/5.0 (X11; Linux x86_64) AppleWebKit/537.36 (KHTML, like Gecko) Chrome/134.0.0.0 Safari/537.36""","::1 - - [14/Feb/2026:07:26:52 +0000] ""GET /assets/js/jquery.scrollex.min.js HTTP/1.1"" 200 2257 ""http://localhost/"" ""Mozilla/5.0 (X11; Linux x86_64) AppleWebKit/537.36 (KHTML, like Gecko) Chrome/134.0.0.0 Safari/537.36""",filestream,filestream,syslog,syslog,"64,513",cde16b666e044aa70d9bb73d67b438d41d7dfc8fb60fa7d49061e44c9a7c1f1f,cde16b666e044aa70d9bb73d67b438d41d7dfc8fb60fa7d49061e44c9a7c1f1f,"5,636,113","/logstash/syslog/access.log","/logstash/syslog/access.log","12,657","-","-","::1","::1","- [14/Feb/2026:07:26:52 +0000] ""GET /assets/js/jquery.scrollex.min.js HTTP/1.1"" 200 2257 ""http://localhost/"" ""Mozilla/5.0 (X11; Linux x86_64) AppleWebKit/537.36 (KHTML, like Gecko) Chrome/134.0.0.0 Safari/537.36""","- [14/Feb/2026:07:26:52 +0000] ""GET /assets/js/jquery.scrollex.min.js HTTP/1.1"" 200 2257 ""http://localhost/"" ""Mozilla/5.0 (X11; Linux x86_64) AppleWebKit/537.36 (KHTML, like Gecko) Chrome/134.0.0.0 Safari/537.36""",logstash,"filebeat: /logstash/syslog/access.log","0.992","process_archive, filebeat, beats_input_codec_plain_applied, _grokparsefailure_1100-01, _grokparsefail_6018-01","process_archive, filebeat, beats_input_codec_plain_applied, _grokparsefailure_1100-01, _grokparsefail_6018-01"
"2026-02-14 08:44:34.867 +00:00",1,"hXRSW5wBjj3VEg7fxJ_D","-","logstash-2026.02","-","bb7e1ec4-e003-4ed8-82b1-1a1ec31d436f","bb7e1ec4-e003-4ed8-82b1-1a1ec31d436f","ece913e0-ebed-4674-b6b2-e5a772b6637b","ece913e0-ebed-4674-b6b2-e5a772b6637b","sof-elk","sof-elk",filebeat,filebeat,"9.1.5","9.1.5","8.0.0","8.0.0","::1 - - [14/Feb/2026:07:26:52 +0000] ""GET /assets/js/main.js HTTP/1.1"" 200 4836 ""http://localhost/"" ""Mozilla/5.0 (X11; Linux x86_64) AppleWebKit/537.36 (KHTML, like Gecko) Chrome/134.0.0.0 Safari/537.36""","::1 - - [14/Feb/2026:07:26:52 +0000] ""GET /assets/js/main.js HTTP/1.1"" 200 4836 ""http://localhost/"" ""Mozilla/5.0 (X11; Linux x86_64) AppleWebKit/537.36 (KHTML, like Gecko) Chrome/134.0.0.0 Safari/537.36""",filestream,filestream,syslog,syslog,"64,513",cde16b666e044aa70d9bb73d67b438d41d7dfc8fb60fa7d49061e44c9a7c1f1f,cde16b666e044aa70d9bb73d67b438d41d7dfc8fb60fa7d49061e44c9a7c1f1f,"5,636,113","/logstash/syslog/access.log","/logstash/syslog/access.log","13,507","-","-","::1","::1","- [14/Feb/2026:07:26:52 +0000] ""GET /assets/js/main.js HTTP/1.1"" 200 4836 ""http://localhost/"" ""Mozilla/5.0 (X11; Linux x86_64) AppleWebKit/537.36 (KHTML, like Gecko) Chrome/134.0.0.0 Safari/537.36""","- [14/Feb/2026:07:26:52 +0000] ""GET /assets/js/main.js HTTP/1.1"" 200 4836 ""http://localhost/"" ""Mozilla/5.0 (X11; Linux x86_64) AppleWebKit/537.36 (KHTML, like Gecko) Chrome/134.0.0.0 Safari/537.36""",logstash,"filebeat: /logstash/syslog/access.log","0.992","process_archive, filebeat, beats_input_codec_plain_applied, _grokparsefailure_1100-01, _grokparsefail_6018-01","process_archive, filebeat, beats_input_codec_plain_applied, _grokparsefailure_1100-01, _grokparsefail_6018-01"
"2026-02-14 08:44:34.867 +00:00",1,"hnRSW5wBjj3VEg7fxJ_D","-","logstash-2026.02","-","bb7e1ec4-e003-4ed8-82b1-1a1ec31d436f","bb7e1ec4-e003-4ed8-82b1-1a1ec31d436f","ece913e0-ebed-4674-b6b2-e5a772b6637b","ece913e0-ebed-4674-b6b2-e5a772b6637b","sof-elk","sof-elk",filebeat,filebeat,"9.1.5","9.1.5","8.0.0","8.0.0","127.0.0.1 - - [14/Feb/2026:07:26:52 +0000] ""GET /assets/img/favicon.svg HTTP/1.1"" 200 1040 ""-"" ""Mozilla/5.0 (X11; Linux x86_64) AppleWebKit/537.36 (KHTML, like Gecko) Chrome/134.0.0.0 Safari/537.36""","127.0.0.1 - - [14/Feb/2026:07:26:52 +0000] ""GET /assets/img/favicon.svg HTTP/1.1"" 200 1040 ""-"" ""Mozilla/5.0 (X11; Linux x86_64) AppleWebKit/537.36 (KHTML, like Gecko) Chrome/134.0.0.0 Safari/537.36""",filestream,filestream,syslog,syslog,"64,513",cde16b666e044aa70d9bb73d67b438d41d7dfc8fb60fa7d49061e44c9a7c1f1f,cde16b666e044aa70d9bb73d67b438d41d7dfc8fb60fa7d49061e44c9a7c1f1f,"5,636,113","/logstash/syslog/access.log","/logstash/syslog/access.log","13,910","-","-","127.0.0.1","127.0.0.1","- [14/Feb/2026:07:26:52 +0000] ""GET /assets/img/favicon.svg HTTP/1.1"" 200 1040 ""-"" ""Mozilla/5.0 (X11; Linux x86_64) AppleWebKit/537.36 (KHTML, like Gecko) Chrome/134.0.0.0 Safari/537.36""","- [14/Feb/2026:07:26:52 +0000] ""GET /assets/img/favicon.svg HTTP/1.1"" 200 1040 ""-"" ""Mozilla/5.0 (X11; Linux x86_64) AppleWebKit/537.36 (KHTML, like Gecko) Chrome/134.0.0.0 Safari/537.36""",logstash,"filebeat: /logstash/syslog/access.log","0.992","process_archive, filebeat, beats_input_codec_plain_applied, _grokparsefailure_1100-01, _grokparsefail_6018-01","process_archive, filebeat, beats_input_codec_plain_applied, _grokparsefailure_1100-01, _grokparsefail_6018-01"
"2026-02-14 08:44:34.867 +00:00",1,"YHRSW5wBjj3VEg7fxJ_D","-","logstash-2026.02","-","bb7e1ec4-e003-4ed8-82b1-1a1ec31d436f","bb7e1ec4-e003-4ed8-82b1-1a1ec31d436f","ece913e0-ebed-4674-b6b2-e5a772b6637b","ece913e0-ebed-4674-b6b2-e5a772b6637b","sof-elk","sof-elk",filebeat,filebeat,"9.1.5","9.1.5","8.0.0","8.0.0","10.10.16.46 - - [14/Feb/2026:07:20:52 +0000] ""GET /images/pic03.jpg HTTP/1.1"" 200 35227 ""http://browsed.htb/"" ""Mozilla/5.0 (X11; Linux x86_64) AppleWebKit/537.36 (KHTML, like Gecko) Chrome/144.0.0.0 Safari/537.36""","10.10.16.46 - - [14/Feb/2026:07:20:52 +0000] ""GET /images/pic03.jpg HTTP/1.1"" 200 35227 ""http://browsed.htb/"" ""Mozilla/5.0 (X11; Linux x86_64) AppleWebKit/537.36 (KHTML, like Gecko) Chrome/144.0.0.0 Safari/537.36""",filestream,filestream,syslog,syslog,"64,513",cde16b666e044aa70d9bb73d67b438d41d7dfc8fb60fa7d49061e44c9a7c1f1f,cde16b666e044aa70d9bb73d67b438d41d7dfc8fb60fa7d49061e44c9a7c1f1f,"5,636,113","/logstash/syslog/access.log","/logstash/syslog/access.log","5,430","-","-","10.10.16.46","10.10.16.46","- [14/Feb/2026:07:20:52 +0000] ""GET /images/pic03.jpg HTTP/1.1"" 200 35227 ""http://browsed.htb/"" ""Mozilla/5.0 (X11; Linux x86_64) AppleWebKit/537.36 (KHTML, like Gecko) Chrome/144.0.0.0 Safari/537.36""","- [14/Feb/2026:07:20:52 +0000] ""GET /images/pic03.jpg HTTP/1.1"" 200 35227 ""http://browsed.htb/"" ""Mozilla/5.0 (X11; Linux x86_64) AppleWebKit/537.36 (KHTML, like Gecko) Chrome/144.0.0.0 Safari/537.36""",logstash,"filebeat: /logstash/syslog/access.log","1.013","process_archive, filebeat, beats_input_codec_plain_applied, _grokparsefailure_1100-01, _grokparsefail_6018-01","process_archive, filebeat, beats_input_codec_plain_applied, _grokparsefailure_1100-01, _grokparsefail_6018-01"
"2026-02-14 08:44:34.867 +00:00",1,"YXRSW5wBjj3VEg7fxJ_D","-","logstash-2026.02","-","bb7e1ec4-e003-4ed8-82b1-1a1ec31d436f","bb7e1ec4-e003-4ed8-82b1-1a1ec31d436f","ece913e0-ebed-4674-b6b2-e5a772b6637b","ece913e0-ebed-4674-b6b2-e5a772b6637b","sof-elk","sof-elk",filebeat,filebeat,"9.1.5","9.1.5","8.0.0","8.0.0","10.10.16.46 - - [14/Feb/2026:07:20:52 +0000] ""GET /assets/js/jquery.scrolly.min.js HTTP/1.1"" 200 831 ""http://browsed.htb/"" ""Mozilla/5.0 (X11; Linux x86_64) AppleWebKit/537.36 (KHTML, like Gecko) Chrome/144.0.0.0 Safari/537.36""","10.10.16.46 - - [14/Feb/2026:07:20:52 +0000] ""GET /assets/js/jquery.scrolly.min.js HTTP/1.1"" 200 831 ""http://browsed.htb/"" ""Mozilla/5.0 (X11; Linux x86_64) AppleWebKit/537.36 (KHTML, like Gecko) Chrome/144.0.0.0 Safari/537.36""",filestream,filestream,syslog,syslog,"64,513",cde16b666e044aa70d9bb73d67b438d41d7dfc8fb60fa7d49061e44c9a7c1f1f,cde16b666e044aa70d9bb73d67b438d41d7dfc8fb60fa7d49061e44c9a7c1f1f,"5,636,113","/logstash/syslog/access.log","/logstash/syslog/access.log","5,644","-","-","10.10.16.46","10.10.16.46","- [14/Feb/2026:07:20:52 +0000] ""GET /assets/js/jquery.scrolly.min.js HTTP/1.1"" 200 831 ""http://browsed.htb/"" ""Mozilla/5.0 (X11; Linux x86_64) AppleWebKit/537.36 (KHTML, like Gecko) Chrome/144.0.0.0 Safari/537.36""","- [14/Feb/2026:07:20:52 +0000] ""GET /assets/js/jquery.scrolly.min.js HTTP/1.1"" 200 831 ""http://browsed.htb/"" ""Mozilla/5.0 (X11; Linux x86_64) AppleWebKit/537.36 (KHTML, like Gecko) Chrome/144.0.0.0 Safari/537.36""",logstash,"filebeat: /logstash/syslog/access.log","1.013","process_archive, filebeat, beats_input_codec_plain_applied, _grokparsefailure_1100-01, _grokparsefail_6018-01","process_archive, filebeat, beats_input_codec_plain_applied, _grokparsefailure_1100-01, _grokparsefail_6018-01"
"2026-02-14 08:44:34.867 +00:00",1,"Y3RSW5wBjj3VEg7fxJ_D","-","logstash-2026.02","-","bb7e1ec4-e003-4ed8-82b1-1a1ec31d436f","bb7e1ec4-e003-4ed8-82b1-1a1ec31d436f","ece913e0-ebed-4674-b6b2-e5a772b6637b","ece913e0-ebed-4674-b6b2-e5a772b6637b","sof-elk","sof-elk",filebeat,filebeat,"9.1.5","9.1.5","8.0.0","8.0.0","10.10.16.46 - - [14/Feb/2026:07:20:52 +0000] ""GET /assets/css/main.css HTTP/1.1"" 200 73447 ""http://browsed.htb/"" ""Mozilla/5.0 (X11; Linux x86_64) AppleWebKit/537.36 (KHTML, like Gecko) Chrome/144.0.0.0 Safari/537.36""","10.10.16.46 - - [14/Feb/2026:07:20:52 +0000] ""GET /assets/css/main.css HTTP/1.1"" 200 73447 ""http://browsed.htb/"" ""Mozilla/5.0 (X11; Linux x86_64) AppleWebKit/537.36 (KHTML, like Gecko) Chrome/144.0.0.0 Safari/537.36""",filestream,filestream,syslog,syslog,"64,513",cde16b666e044aa70d9bb73d67b438d41d7dfc8fb60fa7d49061e44c9a7c1f1f,cde16b666e044aa70d9bb73d67b438d41d7dfc8fb60fa7d49061e44c9a7c1f1f,"5,636,113","/logstash/syslog/access.log","/logstash/syslog/access.log","5,871","-","-","10.10.16.46","10.10.16.46","- [14/Feb/2026:07:20:52 +0000] ""GET /assets/css/main.css HTTP/1.1"" 200 73447 ""http://browsed.htb/"" ""Mozilla/5.0 (X11; Linux x86_64) AppleWebKit/537.36 (KHTML, like Gecko) Chrome/144.0.0.0 Safari/537.36""","- [14/Feb/2026:07:20:52 +0000] ""GET /assets/css/main.css HTTP/1.1"" 200 73447 ""http://browsed.htb/"" ""Mozilla/5.0 (X11; Linux x86_64) AppleWebKit/537.36 (KHTML, like Gecko) Chrome/144.0.0.0 Safari/537.36""",logstash,"filebeat: /logstash/syslog/access.log","1.013","process_archive, filebeat, beats_input_codec_plain_applied, _grokparsefailure_1100-01, _grokparsefail_6018-01","process_archive, filebeat, beats_input_codec_plain_applied, _grokparsefailure_1100-01, _grokparsefail_6018-01"
"2026-02-14 08:44:34.867 +00:00",1,cnRSW5wBjj3VEg7fxKDE,"-","logstash-2026.02","-","bb7e1ec4-e003-4ed8-82b1-1a1ec31d436f","bb7e1ec4-e003-4ed8-82b1-1a1ec31d436f","ece913e0-ebed-4674-b6b2-e5a772b6637b","ece913e0-ebed-4674-b6b2-e5a772b6637b","sof-elk","sof-elk",filebeat,filebeat,"9.1.5","9.1.5","8.0.0","8.0.0","10.10.16.46 - - [14/Feb/2026:07:20:52 +0000] ""GET /images/pic02.jpg HTTP/1.1"" 200 29533 ""http://browsed.htb/"" ""Mozilla/5.0 (X11; Linux x86_64) AppleWebKit/537.36 (KHTML, like Gecko) Chrome/144.0.0.0 Safari/537.36""","10.10.16.46 - - [14/Feb/2026:07:20:52 +0000] ""GET /images/pic02.jpg HTTP/1.1"" 200 29533 ""http://browsed.htb/"" ""Mozilla/5.0 (X11; Linux x86_64) AppleWebKit/537.36 (KHTML, like Gecko) Chrome/144.0.0.0 Safari/537.36""",filestream,filestream,syslog,syslog,"64,513",cde16b666e044aa70d9bb73d67b438d41d7dfc8fb60fa7d49061e44c9a7c1f1f,cde16b666e044aa70d9bb73d67b438d41d7dfc8fb60fa7d49061e44c9a7c1f1f,"5,636,113","/logstash/syslog/access.log","/logstash/syslog/access.log","5,216","-","-","10.10.16.46","10.10.16.46","- [14/Feb/2026:07:20:52 +0000] ""GET /images/pic02.jpg HTTP/1.1"" 200 29533 ""http://browsed.htb/"" ""Mozilla/5.0 (X11; Linux x86_64) AppleWebKit/537.36 (KHTML, like Gecko) Chrome/144.0.0.0 Safari/537.36""","- [14/Feb/2026:07:20:52 +0000] ""GET /images/pic02.jpg HTTP/1.1"" 200 29533 ""http://browsed.htb/"" ""Mozilla/5.0 (X11; Linux x86_64) AppleWebKit/537.36 (KHTML, like Gecko) Chrome/144.0.0.0 Safari/537.36""",logstash,"filebeat: /logstash/syslog/access.log","0.914","process_archive, filebeat, beats_input_codec_plain_applied, _grokparsefailure_1100-01, _grokparsefail_6018-01","process_archive, filebeat, beats_input_codec_plain_applied, _grokparsefailure_1100-01, _grokparsefail_6018-01"
"2026-02-14 08:44:34.867 +00:00",1,"fnRSW5wBjj3VEg7fxJ_D","-","logstash-2026.02","-","bb7e1ec4-e003-4ed8-82b1-1a1ec31d436f","bb7e1ec4-e003-4ed8-82b1-1a1ec31d436f","ece913e0-ebed-4674-b6b2-e5a772b6637b","ece913e0-ebed-4674-b6b2-e5a772b6637b","sof-elk","sof-elk",filebeat,filebeat,"9.1.5","9.1.5","8.0.0","8.0.0","127.0.0.1 - - [14/Feb/2026:07:26:52 +0000] ""GET /assets/img/logo.svg HTTP/1.1"" 200 1040 ""-"" ""Mozilla/5.0 (X11; Linux x86_64) AppleWebKit/537.36 (KHTML, like Gecko) Chrome/134.0.0.0 Safari/537.36""","127.0.0.1 - - [14/Feb/2026:07:26:52 +0000] ""GET /assets/img/logo.svg HTTP/1.1"" 200 1040 ""-"" ""Mozilla/5.0 (X11; Linux x86_64) AppleWebKit/537.36 (KHTML, like Gecko) Chrome/134.0.0.0 Safari/537.36""",filestream,filestream,syslog,syslog,"64,513",cde16b666e044aa70d9bb73d67b438d41d7dfc8fb60fa7d49061e44c9a7c1f1f,cde16b666e044aa70d9bb73d67b438d41d7dfc8fb60fa7d49061e44c9a7c1f1f,"5,636,113","/logstash/syslog/access.log","/logstash/syslog/access.log","10,949","-","-","127.0.0.1","127.0.0.1","- [14/Feb/2026:07:26:52 +0000] ""GET /assets/img/logo.svg HTTP/1.1"" 200 1040 ""-"" ""Mozilla/5.0 (X11; Linux x86_64) AppleWebKit/537.36 (KHTML, like Gecko) Chrome/134.0.0.0 Safari/537.36""","- [14/Feb/2026:07:26:52 +0000] ""GET /assets/img/logo.svg HTTP/1.1"" 200 1040 ""-"" ""Mozilla/5.0 (X11; Linux x86_64) AppleWebKit/537.36 (KHTML, like Gecko) Chrome/134.0.0.0 Safari/537.36""",logstash,"filebeat: /logstash/syslog/access.log","0.992","process_archive, filebeat, beats_input_codec_plain_applied, _grokparsefailure_1100-01, _grokparsefail_6018-01","process_archive, filebeat, beats_input_codec_plain_applied, _grokparsefailure_1100-01, _grokparsefail_6018-01"
"2026-02-14 08:44:34.867 +00:00",1,"gHRSW5wBjj3VEg7fxJ_D","-","logstash-2026.02","-","bb7e1ec4-e003-4ed8-82b1-1a1ec31d436f","bb7e1ec4-e003-4ed8-82b1-1a1ec31d436f","ece913e0-ebed-4674-b6b2-e5a772b6637b","ece913e0-ebed-4674-b6b2-e5a772b6637b","sof-elk","sof-elk",filebeat,filebeat,"9.1.5","9.1.5","8.0.0","8.0.0","127.0.0.1 - - [14/Feb/2026:07:26:52 +0000] ""GET /assets/js/index.js?v=1.24.5 HTTP/1.1"" 200 306949 ""-"" ""Mozilla/5.0 (X11; Linux x86_64) AppleWebKit/537.36 (KHTML, like Gecko) Chrome/134.0.0.0 Safari/537.36""","127.0.0.1 - - [14/Feb/2026:07:26:52 +0000] ""GET /assets/js/index.js?v=1.24.5 HTTP/1.1"" 200 306949 ""-"" ""Mozilla/5.0 (X11; Linux x86_64) AppleWebKit/537.36 (KHTML, like Gecko) Chrome/134.0.0.0 Safari/537.36""",filestream,filestream,syslog,syslog,"64,513",cde16b666e044aa70d9bb73d67b438d41d7dfc8fb60fa7d49061e44c9a7c1f1f,cde16b666e044aa70d9bb73d67b438d41d7dfc8fb60fa7d49061e44c9a7c1f1f,"5,636,113","/logstash/syslog/access.log","/logstash/syslog/access.log","11,803","-","-","127.0.0.1","127.0.0.1","- [14/Feb/2026:07:26:52 +0000] ""GET /assets/js/index.js?v=1.24.5 HTTP/1.1"" 200 306949 ""-"" ""Mozilla/5.0 (X11; Linux x86_64) AppleWebKit/537.36 (KHTML, like Gecko) Chrome/134.0.0.0 Safari/537.36""","- [14/Feb/2026:07:26:52 +0000] ""GET /assets/js/index.js?v=1.24.5 HTTP/1.1"" 200 306949 ""-"" ""Mozilla/5.0 (X11; Linux x86_64) AppleWebKit/537.36 (KHTML, like Gecko) Chrome/134.0.0.0 Safari/537.36""",logstash,"filebeat: /logstash/syslog/access.log","0.992","process_archive, filebeat, beats_input_codec_plain_applied, _grokparsefailure_1100-01, _grokparsefail_6018-01","process_archive, filebeat, beats_input_codec_plain_applied, _grokparsefailure_1100-01, _grokparsefail_6018-01"
"2026-02-14 08:44:34.867 +00:00",1,enRSW5wBjj3VEg7fxKDE,"-","logstash-2026.02","-","bb7e1ec4-e003-4ed8-82b1-1a1ec31d436f","bb7e1ec4-e003-4ed8-82b1-1a1ec31d436f","ece913e0-ebed-4674-b6b2-e5a772b6637b","ece913e0-ebed-4674-b6b2-e5a772b6637b","sof-elk","sof-elk",filebeat,filebeat,"9.1.5","9.1.5","8.0.0","8.0.0","::1 - - [14/Feb/2026:07:26:52 +0000] ""GET /assets/js/jquery.scrolly.min.js HTTP/1.1"" 200 831 ""http://localhost/"" ""Mozilla/5.0 (X11; Linux x86_64) AppleWebKit/537.36 (KHTML, like Gecko) Chrome/134.0.0.0 Safari/537.36""","::1 - - [14/Feb/2026:07:26:52 +0000] ""GET /assets/js/jquery.scrolly.min.js HTTP/1.1"" 200 831 ""http://localhost/"" ""Mozilla/5.0 (X11; Linux x86_64) AppleWebKit/537.36 (KHTML, like Gecko) Chrome/134.0.0.0 Safari/537.36""",filestream,filestream,syslog,syslog,"64,513",cde16b666e044aa70d9bb73d67b438d41d7dfc8fb60fa7d49061e44c9a7c1f1f,cde16b666e044aa70d9bb73d67b438d41d7dfc8fb60fa7d49061e44c9a7c1f1f,"5,636,113","/logstash/syslog/access.log","/logstash/syslog/access.log","12,220","-","-","::1","::1","- [14/Feb/2026:07:26:52 +0000] ""GET /assets/js/jquery.scrolly.min.js HTTP/1.1"" 200 831 ""http://localhost/"" ""Mozilla/5.0 (X11; Linux x86_64) AppleWebKit/537.36 (KHTML, like Gecko) Chrome/134.0.0.0 Safari/537.36""","- [14/Feb/2026:07:26:52 +0000] ""GET /assets/js/jquery.scrolly.min.js HTTP/1.1"" 200 831 ""http://localhost/"" ""Mozilla/5.0 (X11; Linux x86_64) AppleWebKit/537.36 (KHTML, like Gecko) Chrome/134.0.0.0 Safari/537.36""",logstash,"filebeat: /logstash/syslog/access.log","0.914","process_archive, filebeat, beats_input_codec_plain_applied, _grokparsefailure_1100-01, _grokparsefail_6018-01","process_archive, filebeat, beats_input_codec_plain_applied, _grokparsefailure_1100-01, _grokparsefail_6018-01"
"2026-02-14 08:44:34.867 +00:00",1,e3RSW5wBjj3VEg7fxKDE,"-","logstash-2026.02","-","bb7e1ec4-e003-4ed8-82b1-1a1ec31d436f","bb7e1ec4-e003-4ed8-82b1-1a1ec31d436f","ece913e0-ebed-4674-b6b2-e5a772b6637b","ece913e0-ebed-4674-b6b2-e5a772b6637b","sof-elk","sof-elk",filebeat,filebeat,"9.1.5","9.1.5","8.0.0","8.0.0","::1 - - [14/Feb/2026:07:26:52 +0000] ""GET /assets/js/browser.min.js HTTP/1.1"" 200 2051 ""http://localhost/"" ""Mozilla/5.0 (X11; Linux x86_64) AppleWebKit/537.36 (KHTML, like Gecko) Chrome/134.0.0.0 Safari/537.36""","::1 - - [14/Feb/2026:07:26:52 +0000] ""GET /assets/js/browser.min.js HTTP/1.1"" 200 2051 ""http://localhost/"" ""Mozilla/5.0 (X11; Linux x86_64) AppleWebKit/537.36 (KHTML, like Gecko) Chrome/134.0.0.0 Safari/537.36""",filestream,filestream,syslog,syslog,"64,513",cde16b666e044aa70d9bb73d67b438d41d7dfc8fb60fa7d49061e44c9a7c1f1f,cde16b666e044aa70d9bb73d67b438d41d7dfc8fb60fa7d49061e44c9a7c1f1f,"5,636,113","/logstash/syslog/access.log","/logstash/syslog/access.log","13,091","-","-","::1","::1","- [14/Feb/2026:07:26:52 +0000] ""GET /assets/js/browser.min.js HTTP/1.1"" 200 2051 ""http://localhost/"" ""Mozilla/5.0 (X11; Linux x86_64) AppleWebKit/537.36 (KHTML, like Gecko) Chrome/134.0.0.0 Safari/537.36""","- [14/Feb/2026:07:26:52 +0000] ""GET /assets/js/browser.min.js HTTP/1.1"" 200 2051 ""http://localhost/"" ""Mozilla/5.0 (X11; Linux x86_64) AppleWebKit/537.36 (KHTML, like Gecko) Chrome/134.0.0.0 Safari/537.36""",logstash,"filebeat: /logstash/syslog/access.log","0.914","process_archive, filebeat, beats_input_codec_plain_applied, _grokparsefailure_1100-01, _grokparsefail_6018-01","process_archive, filebeat, beats_input_codec_plain_applied, _grokparsefailure_1100-01, _grokparsefail_6018-01"
"2026-02-14 08:44:34.867 +00:00",1,fHRSW5wBjj3VEg7fxKDE,"-","logstash-2026.02","-","bb7e1ec4-e003-4ed8-82b1-1a1ec31d436f","bb7e1ec4-e003-4ed8-82b1-1a1ec31d436f","ece913e0-ebed-4674-b6b2-e5a772b6637b","ece913e0-ebed-4674-b6b2-e5a772b6637b","sof-elk","sof-elk",filebeat,filebeat,"9.1.5","9.1.5","8.0.0","8.0.0","10.10.16.46 - - [14/Feb/2026:07:27:00 +0000] ""POST /upload.php HTTP/1.1"" 302 393 ""http://browsed.htb/upload.php"" ""Mozilla/5.0 (X11; Linux x86_64) AppleWebKit/537.36 (KHTML, like Gecko) Chrome/144.0.0.0 Safari/537.36""","10.10.16.46 - - [14/Feb/2026:07:27:00 +0000] ""POST /upload.php HTTP/1.1"" 302 393 ""http://browsed.htb/upload.php"" ""Mozilla/5.0 (X11; Linux x86_64) AppleWebKit/537.36 (KHTML, like Gecko) Chrome/144.0.0.0 Safari/537.36""",filestream,filestream,syslog,syslog,"64,513",cde16b666e044aa70d9bb73d67b438d41d7dfc8fb60fa7d49061e44c9a7c1f1f,cde16b666e044aa70d9bb73d67b438d41d7dfc8fb60fa7d49061e44c9a7c1f1f,"5,636,113","/logstash/syslog/access.log","/logstash/syslog/access.log","14,109","-","-","10.10.16.46","10.10.16.46","- [14/Feb/2026:07:27:00 +0000] ""POST /upload.php HTTP/1.1"" 302 393 ""http://browsed.htb/upload.php"" ""Mozilla/5.0 (X11; Linux x86_64) AppleWebKit/537.36 (KHTML, like Gecko) Chrome/144.0.0.0 Safari/537.36""","- [14/Feb/2026:07:27:00 +0000] ""POST /upload.php HTTP/1.1"" 302 393 ""http://browsed.htb/upload.php"" ""Mozilla/5.0 (X11; Linux x86_64) AppleWebKit/537.36 (KHTML, like Gecko) Chrome/144.0.0.0 Safari/537.36""",logstash,"filebeat: /logstash/syslog/access.log","0.914","process_archive, filebeat, beats_input_codec_plain_applied, _grokparsefailure_1100-01, _grokparsefail_6018-01","process_archive, filebeat, beats_input_codec_plain_applied, _grokparsefailure_1100-01, _grokparsefail_6018-01"
"2026-02-14 08:44:34.867 +00:00",1,"ZXRSW5wBjj3VEg7fxJ_D","-","logstash-2026.02","-","bb7e1ec4-e003-4ed8-82b1-1a1ec31d436f","bb7e1ec4-e003-4ed8-82b1-1a1ec31d436f","ece913e0-ebed-4674-b6b2-e5a772b6637b","ece913e0-ebed-4674-b6b2-e5a772b6637b","sof-elk","sof-elk",filebeat,filebeat,"9.1.5","9.1.5","8.0.0","8.0.0","10.10.16.46 - - [14/Feb/2026:07:20:54 +0000] ""GET /assets/js/jquery.scrollex.min.js HTTP/1.1"" 200 2257 ""http://browsed.htb/"" ""Mozilla/5.0 (X11; Linux x86_64) AppleWebKit/537.36 (KHTML, like Gecko) Chrome/144.0.0.0 Safari/537.36""","10.10.16.46 - - [14/Feb/2026:07:20:54 +0000] ""GET /assets/js/jquery.scrollex.min.js HTTP/1.1"" 200 2257 ""http://browsed.htb/"" ""Mozilla/5.0 (X11; Linux x86_64) AppleWebKit/537.36 (KHTML, like Gecko) Chrome/144.0.0.0 Safari/537.36""",filestream,filestream,syslog,syslog,"64,513",cde16b666e044aa70d9bb73d67b438d41d7dfc8fb60fa7d49061e44c9a7c1f1f,cde16b666e044aa70d9bb73d67b438d41d7dfc8fb60fa7d49061e44c9a7c1f1f,"5,636,113","/logstash/syslog/access.log","/logstash/syslog/access.log","6,318","-","-","10.10.16.46","10.10.16.46","- [14/Feb/2026:07:20:54 +0000] ""GET /assets/js/jquery.scrollex.min.js HTTP/1.1"" 200 2257 ""http://browsed.htb/"" ""Mozilla/5.0 (X11; Linux x86_64) AppleWebKit/537.36 (KHTML, like Gecko) Chrome/144.0.0.0 Safari/537.36""","- [14/Feb/2026:07:20:54 +0000] ""GET /assets/js/jquery.scrollex.min.js HTTP/1.1"" 200 2257 ""http://browsed.htb/"" ""Mozilla/5.0 (X11; Linux x86_64) AppleWebKit/537.36 (KHTML, like Gecko) Chrome/144.0.0.0 Safari/537.36""",logstash,"filebeat: /logstash/syslog/access.log","1.013","process_archive, filebeat, beats_input_codec_plain_applied, _grokparsefailure_1100-01, _grokparsefail_6018-01","process_archive, filebeat, beats_input_codec_plain_applied, _grokparsefailure_1100-01, _grokparsefail_6018-01"
"2026-02-14 08:44:34.867 +00:00",1,"Z3RSW5wBjj3VEg7fxJ_D","-","logstash-2026.02","-","bb7e1ec4-e003-4ed8-82b1-1a1ec31d436f","bb7e1ec4-e003-4ed8-82b1-1a1ec31d436f","ece913e0-ebed-4674-b6b2-e5a772b6637b","ece913e0-ebed-4674-b6b2-e5a772b6637b","sof-elk","sof-elk",filebeat,filebeat,"9.1.5","9.1.5","8.0.0","8.0.0","10.10.16.46 - - [14/Feb/2026:07:20:59 +0000] ""GET /assets/js/util.js HTTP/1.1"" 200 12433 ""http://browsed.htb/"" ""Mozilla/5.0 (X11; Linux x86_64) AppleWebKit/537.36 (KHTML, like Gecko) Chrome/144.0.0.0 Safari/537.36""","10.10.16.46 - - [14/Feb/2026:07:20:59 +0000] ""GET /assets/js/util.js HTTP/1.1"" 200 12433 ""http://browsed.htb/"" ""Mozilla/5.0 (X11; Linux x86_64) AppleWebKit/537.36 (KHTML, like Gecko) Chrome/144.0.0.0 Safari/537.36""",filestream,filestream,syslog,syslog,"64,513",cde16b666e044aa70d9bb73d67b438d41d7dfc8fb60fa7d49061e44c9a7c1f1f,cde16b666e044aa70d9bb73d67b438d41d7dfc8fb60fa7d49061e44c9a7c1f1f,"5,636,113","/logstash/syslog/access.log","/logstash/syslog/access.log","7,214","-","-","10.10.16.46","10.10.16.46","- [14/Feb/2026:07:20:59 +0000] ""GET /assets/js/util.js HTTP/1.1"" 200 12433 ""http://browsed.htb/"" ""Mozilla/5.0 (X11; Linux x86_64) AppleWebKit/537.36 (KHTML, like Gecko) Chrome/144.0.0.0 Safari/537.36""","- [14/Feb/2026:07:20:59 +0000] ""GET /assets/js/util.js HTTP/1.1"" 200 12433 ""http://browsed.htb/"" ""Mozilla/5.0 (X11; Linux x86_64) AppleWebKit/537.36 (KHTML, like Gecko) Chrome/144.0.0.0 Safari/537.36""",logstash,"filebeat: /logstash/syslog/access.log","1.013","process_archive, filebeat, beats_input_codec_plain_applied, _grokparsefailure_1100-01, _grokparsefail_6018-01","process_archive, filebeat, beats_input_codec_plain_applied, _grokparsefailure_1100-01, _grokparsefail_6018-01"
"2026-02-14 08:44:34.867 +00:00",1,"aXRSW5wBjj3VEg7fxJ_D","-","logstash-2026.02","-","bb7e1ec4-e003-4ed8-82b1-1a1ec31d436f","bb7e1ec4-e003-4ed8-82b1-1a1ec31d436f","ece913e0-ebed-4674-b6b2-e5a772b6637b","ece913e0-ebed-4674-b6b2-e5a772b6637b","sof-elk","sof-elk",filebeat,filebeat,"9.1.5","9.1.5","8.0.0","8.0.0","10.10.16.46 - - [14/Feb/2026:07:21:01 +0000] ""GET /assets/css/images/arrow.svg HTTP/1.1"" 200 359 ""http://browsed.htb/assets/css/main.css"" ""Mozilla/5.0 (X11; Linux x86_64) AppleWebKit/537.36 (KHTML, like Gecko) Chrome/144.0.0.0 Safari/537.36""","10.10.16.46 - - [14/Feb/2026:07:21:01 +0000] ""GET /assets/css/images/arrow.svg HTTP/1.1"" 200 359 ""http://browsed.htb/assets/css/main.css"" ""Mozilla/5.0 (X11; Linux x86_64) AppleWebKit/537.36 (KHTML, like Gecko) Chrome/144.0.0.0 Safari/537.36""",filestream,filestream,syslog,syslog,"64,513",cde16b666e044aa70d9bb73d67b438d41d7dfc8fb60fa7d49061e44c9a7c1f1f,cde16b666e044aa70d9bb73d67b438d41d7dfc8fb60fa7d49061e44c9a7c1f1f,"5,636,113","/logstash/syslog/access.log","/logstash/syslog/access.log","8,128","-","-","10.10.16.46","10.10.16.46","- [14/Feb/2026:07:21:01 +0000] ""GET /assets/css/images/arrow.svg HTTP/1.1"" 200 359 ""http://browsed.htb/assets/css/main.css"" ""Mozilla/5.0 (X11; Linux x86_64) AppleWebKit/537.36 (KHTML, like Gecko) Chrome/144.0.0.0 Safari/537.36""","- [14/Feb/2026:07:21:01 +0000] ""GET /assets/css/images/arrow.svg HTTP/1.1"" 200 359 ""http://browsed.htb/assets/css/main.css"" ""Mozilla/5.0 (X11; Linux x86_64) AppleWebKit/537.36 (KHTML, like Gecko) Chrome/144.0.0.0 Safari/537.36""",logstash,"filebeat: /logstash/syslog/access.log","1.014","process_archive, filebeat, beats_input_codec_plain_applied, _grokparsefailure_1100-01, _grokparsefail_6018-01","process_archive, filebeat, beats_input_codec_plain_applied, _grokparsefailure_1100-01, _grokparsefail_6018-01"
"2026-02-14 08:44:34.867 +00:00",1,"a3RSW5wBjj3VEg7fxJ_D","-","logstash-2026.02","-","bb7e1ec4-e003-4ed8-82b1-1a1ec31d436f","bb7e1ec4-e003-4ed8-82b1-1a1ec31d436f","ece913e0-ebed-4674-b6b2-e5a772b6637b","ece913e0-ebed-4674-b6b2-e5a772b6637b","sof-elk","sof-elk",filebeat,filebeat,"9.1.5","9.1.5","8.0.0","8.0.0","10.10.16.46 - - [14/Feb/2026:07:21:08 +0000] ""GET /favicon.ico HTTP/1.1"" 404 196 ""http://browsed.htb/"" ""Mozilla/5.0 (X11; Linux x86_64) AppleWebKit/537.36 (KHTML, like Gecko) Chrome/144.0.0.0 Safari/537.36""","10.10.16.46 - - [14/Feb/2026:07:21:08 +0000] ""GET /favicon.ico HTTP/1.1"" 404 196 ""http://browsed.htb/"" ""Mozilla/5.0 (X11; Linux x86_64) AppleWebKit/537.36 (KHTML, like Gecko) Chrome/144.0.0.0 Safari/537.36""",filestream,filestream,syslog,syslog,"64,513",cde16b666e044aa70d9bb73d67b438d41d7dfc8fb60fa7d49061e44c9a7c1f1f,cde16b666e044aa70d9bb73d67b438d41d7dfc8fb60fa7d49061e44c9a7c1f1f,"5,636,113","/logstash/syslog/access.log","/logstash/syslog/access.log","9,149","-","-","10.10.16.46","10.10.16.46","- [14/Feb/2026:07:21:08 +0000] ""GET /favicon.ico HTTP/1.1"" 404 196 ""http://browsed.htb/"" ""Mozilla/5.0 (X11; Linux x86_64) AppleWebKit/537.36 (KHTML, like Gecko) Chrome/144.0.0.0 Safari/537.36""","- [14/Feb/2026:07:21:08 +0000] ""GET /favicon.ico HTTP/1.1"" 404 196 ""http://browsed.htb/"" ""Mozilla/5.0 (X11; Linux x86_64) AppleWebKit/537.36 (KHTML, like Gecko) Chrome/144.0.0.0 Safari/537.36""",logstash,"filebeat: /logstash/syslog/access.log","1.014","process_archive, filebeat, beats_input_codec_plain_applied, _grokparsefailure_1100-01, _grokparsefail_6018-01","process_archive, filebeat, beats_input_codec_plain_applied, _grokparsefailure_1100-01, _grokparsefail_6018-01"
"2026-02-14 08:44:34.867 +00:00",1,"bXRSW5wBjj3VEg7fxJ_D","-","logstash-2026.02","-","bb7e1ec4-e003-4ed8-82b1-1a1ec31d436f","bb7e1ec4-e003-4ed8-82b1-1a1ec31d436f","ece913e0-ebed-4674-b6b2-e5a772b6637b","ece913e0-ebed-4674-b6b2-e5a772b6637b","sof-elk","sof-elk",filebeat,filebeat,"9.1.5","9.1.5","8.0.0","8.0.0","::1 - - [14/Feb/2026:07:26:52 +0000] ""GET /assets/css/main.css HTTP/1.1"" 200 73447 ""http://localhost/"" ""Mozilla/5.0 (X11; Linux x86_64) AppleWebKit/537.36 (KHTML, like Gecko) Chrome/134.0.0.0 Safari/537.36""","::1 - - [14/Feb/2026:07:26:52 +0000] ""GET /assets/css/main.css HTTP/1.1"" 200 73447 ""http://localhost/"" ""Mozilla/5.0 (X11; Linux x86_64) AppleWebKit/537.36 (KHTML, like Gecko) Chrome/134.0.0.0 Safari/537.36""",filestream,filestream,syslog,syslog,"64,513",cde16b666e044aa70d9bb73d67b438d41d7dfc8fb60fa7d49061e44c9a7c1f1f,cde16b666e044aa70d9bb73d67b438d41d7dfc8fb60fa7d49061e44c9a7c1f1f,"5,636,113","/logstash/syslog/access.log","/logstash/syslog/access.log","9,911","-","-","::1","::1","- [14/Feb/2026:07:26:52 +0000] ""GET /assets/css/main.css HTTP/1.1"" 200 73447 ""http://localhost/"" ""Mozilla/5.0 (X11; Linux x86_64) AppleWebKit/537.36 (KHTML, like Gecko) Chrome/134.0.0.0 Safari/537.36""","- [14/Feb/2026:07:26:52 +0000] ""GET /assets/css/main.css HTTP/1.1"" 200 73447 ""http://localhost/"" ""Mozilla/5.0 (X11; Linux x86_64) AppleWebKit/537.36 (KHTML, like Gecko) Chrome/134.0.0.0 Safari/537.36""",logstash,"filebeat: /logstash/syslog/access.log","1.014","process_archive, filebeat, beats_input_codec_plain_applied, _grokparsefailure_1100-01, _grokparsefail_6018-01","process_archive, filebeat, beats_input_codec_plain_applied, _grokparsefailure_1100-01, _grokparsefail_6018-01"
"2026-02-14 08:44:34.867 +00:00",1,"bnRSW5wBjj3VEg7fxJ_D","-","logstash-2026.02","-","bb7e1ec4-e003-4ed8-82b1-1a1ec31d436f","bb7e1ec4-e003-4ed8-82b1-1a1ec31d436f","ece913e0-ebed-4674-b6b2-e5a772b6637b","ece913e0-ebed-4674-b6b2-e5a772b6637b","sof-elk","sof-elk",filebeat,filebeat,"9.1.5","9.1.5","8.0.0","8.0.0","127.0.0.1 - - [14/Feb/2026:07:26:52 +0000] ""GET /assets/css/index.css?v=1.24.5 HTTP/1.1"" 200 60677 ""-"" ""Mozilla/5.0 (X11; Linux x86_64) AppleWebKit/537.36 (KHTML, like Gecko) Chrome/134.0.0.0 Safari/537.36""","127.0.0.1 - - [14/Feb/2026:07:26:52 +0000] ""GET /assets/css/index.css?v=1.24.5 HTTP/1.1"" 200 60677 ""-"" ""Mozilla/5.0 (X11; Linux x86_64) AppleWebKit/537.36 (KHTML, like Gecko) Chrome/134.0.0.0 Safari/537.36""",filestream,filestream,syslog,syslog,"64,513",cde16b666e044aa70d9bb73d67b438d41d7dfc8fb60fa7d49061e44c9a7c1f1f,cde16b666e044aa70d9bb73d67b438d41d7dfc8fb60fa7d49061e44c9a7c1f1f,"5,636,113","/logstash/syslog/access.log","/logstash/syslog/access.log","10,742","-","-","127.0.0.1","127.0.0.1","- [14/Feb/2026:07:26:52 +0000] ""GET /assets/css/index.css?v=1.24.5 HTTP/1.1"" 200 60677 ""-"" ""Mozilla/5.0 (X11; Linux x86_64) AppleWebKit/537.36 (KHTML, like Gecko) Chrome/134.0.0.0 Safari/537.36""","- [14/Feb/2026:07:26:52 +0000] ""GET /assets/css/index.css?v=1.24.5 HTTP/1.1"" 200 60677 ""-"" ""Mozilla/5.0 (X11; Linux x86_64) AppleWebKit/537.36 (KHTML, like Gecko) Chrome/134.0.0.0 Safari/537.36""",logstash,"filebeat: /logstash/syslog/access.log","1.014","process_archive, filebeat, beats_input_codec_plain_applied, _grokparsefailure_1100-01, _grokparsefail_6018-01","process_archive, filebeat, beats_input_codec_plain_applied, _grokparsefailure_1100-01, _grokparsefail_6018-01"
"2026-02-14 08:44:34.867 +00:00",1,"cHRSW5wBjj3VEg7fxJ_D","-","logstash-2026.02","-","bb7e1ec4-e003-4ed8-82b1-1a1ec31d436f","bb7e1ec4-e003-4ed8-82b1-1a1ec31d436f","ece913e0-ebed-4674-b6b2-e5a772b6637b","ece913e0-ebed-4674-b6b2-e5a772b6637b","sof-elk","sof-elk",filebeat,filebeat,"9.1.5","9.1.5","8.0.0","8.0.0","127.0.0.1 - - [14/Feb/2026:07:26:52 +0000] ""GET /assets/js/webcomponents.js?v=1.24.5 HTTP/1.1"" 200 31289 ""-"" ""Mozilla/5.0 (X11; Linux x86_64) AppleWebKit/537.36 (KHTML, like Gecko) Chrome/134.0.0.0 Safari/537.36""","127.0.0.1 - - [14/Feb/2026:07:26:52 +0000] ""GET /assets/js/webcomponents.js?v=1.24.5 HTTP/1.1"" 200 31289 ""-"" ""Mozilla/5.0 (X11; Linux x86_64) AppleWebKit/537.36 (KHTML, like Gecko) Chrome/134.0.0.0 Safari/537.36""",filestream,filestream,syslog,syslog,"64,513",cde16b666e044aa70d9bb73d67b438d41d7dfc8fb60fa7d49061e44c9a7c1f1f,cde16b666e044aa70d9bb73d67b438d41d7dfc8fb60fa7d49061e44c9a7c1f1f,"5,636,113","/logstash/syslog/access.log","/logstash/syslog/access.log","11,590","-","-","127.0.0.1","127.0.0.1","- [14/Feb/2026:07:26:52 +0000] ""GET /assets/js/webcomponents.js?v=1.24.5 HTTP/1.1"" 200 31289 ""-"" ""Mozilla/5.0 (X11; Linux x86_64) AppleWebKit/537.36 (KHTML, like Gecko) Chrome/134.0.0.0 Safari/537.36""","- [14/Feb/2026:07:26:52 +0000] ""GET /assets/js/webcomponents.js?v=1.24.5 HTTP/1.1"" 200 31289 ""-"" ""Mozilla/5.0 (X11; Linux x86_64) AppleWebKit/537.36 (KHTML, like Gecko) Chrome/134.0.0.0 Safari/537.36""",logstash,"filebeat: /logstash/syslog/access.log","1.022","process_archive, filebeat, beats_input_codec_plain_applied, _grokparsefailure_1100-01, _grokparsefail_6018-01","process_archive, filebeat, beats_input_codec_plain_applied, _grokparsefailure_1100-01, _grokparsefail_6018-01"
"2026-02-14 08:44:34.867 +00:00",1,"cnRSW5wBjj3VEg7fxJ_D","-","logstash-2026.02","-","bb7e1ec4-e003-4ed8-82b1-1a1ec31d436f","bb7e1ec4-e003-4ed8-82b1-1a1ec31d436f","ece913e0-ebed-4674-b6b2-e5a772b6637b","ece913e0-ebed-4674-b6b2-e5a772b6637b","sof-elk","sof-elk",filebeat,filebeat,"9.1.5","9.1.5","8.0.0","8.0.0","::1 - - [14/Feb/2026:07:26:52 +0000] ""GET /assets/js/jquery.dropotron.min.js HTTP/1.1"" 200 5106 ""http://localhost/"" ""Mozilla/5.0 (X11; Linux x86_64) AppleWebKit/537.36 (KHTML, like Gecko) Chrome/134.0.0.0 Safari/537.36""","::1 - - [14/Feb/2026:07:26:52 +0000] ""GET /assets/js/jquery.dropotron.min.js HTTP/1.1"" 200 5106 ""http://localhost/"" ""Mozilla/5.0 (X11; Linux x86_64) AppleWebKit/537.36 (KHTML, like Gecko) Chrome/134.0.0.0 Safari/537.36""",filestream,filestream,syslog,syslog,"64,513",cde16b666e044aa70d9bb73d67b438d41d7dfc8fb60fa7d49061e44c9a7c1f1f,cde16b666e044aa70d9bb73d67b438d41d7dfc8fb60fa7d49061e44c9a7c1f1f,"5,636,113","/logstash/syslog/access.log","/logstash/syslog/access.log","12,437","-","-","::1","::1","- [14/Feb/2026:07:26:52 +0000] ""GET /assets/js/jquery.dropotron.min.js HTTP/1.1"" 200 5106 ""http://localhost/"" ""Mozilla/5.0 (X11; Linux x86_64) AppleWebKit/537.36 (KHTML, like Gecko) Chrome/134.0.0.0 Safari/537.36""","- [14/Feb/2026:07:26:52 +0000] ""GET /assets/js/jquery.dropotron.min.js HTTP/1.1"" 200 5106 ""http://localhost/"" ""Mozilla/5.0 (X11; Linux x86_64) AppleWebKit/537.36 (KHTML, like Gecko) Chrome/134.0.0.0 Safari/537.36""",logstash,"filebeat: /logstash/syslog/access.log","1.024","process_archive, filebeat, beats_input_codec_plain_applied, _grokparsefailure_1100-01, _grokparsefail_6018-01","process_archive, filebeat, beats_input_codec_plain_applied, _grokparsefailure_1100-01, _grokparsefail_6018-01"
"2026-02-14 08:44:34.867 +00:00",1,"dHRSW5wBjj3VEg7fxJ_D","-","logstash-2026.02","-","bb7e1ec4-e003-4ed8-82b1-1a1ec31d436f","bb7e1ec4-e003-4ed8-82b1-1a1ec31d436f","ece913e0-ebed-4674-b6b2-e5a772b6637b","ece913e0-ebed-4674-b6b2-e5a772b6637b","sof-elk","sof-elk",filebeat,filebeat,"9.1.5","9.1.5","8.0.0","8.0.0","::1 - - [14/Feb/2026:07:26:52 +0000] ""GET /assets/js/util.js HTTP/1.1"" 200 12433 ""http://localhost/"" ""Mozilla/5.0 (X11; Linux x86_64) AppleWebKit/537.36 (KHTML, like Gecko) Chrome/134.0.0.0 Safari/537.36""","::1 - - [14/Feb/2026:07:26:52 +0000] ""GET /assets/js/util.js HTTP/1.1"" 200 12433 ""http://localhost/"" ""Mozilla/5.0 (X11; Linux x86_64) AppleWebKit/537.36 (KHTML, like Gecko) Chrome/134.0.0.0 Safari/537.36""",filestream,filestream,syslog,syslog,"64,513",cde16b666e044aa70d9bb73d67b438d41d7dfc8fb60fa7d49061e44c9a7c1f1f,cde16b666e044aa70d9bb73d67b438d41d7dfc8fb60fa7d49061e44c9a7c1f1f,"5,636,113","/logstash/syslog/access.log","/logstash/syslog/access.log","13,302","-","-","::1","::1","- [14/Feb/2026:07:26:52 +0000] ""GET /assets/js/util.js HTTP/1.1"" 200 12433 ""http://localhost/"" ""Mozilla/5.0 (X11; Linux x86_64) AppleWebKit/537.36 (KHTML, like Gecko) Chrome/134.0.0.0 Safari/537.36""","- [14/Feb/2026:07:26:52 +0000] ""GET /assets/js/util.js HTTP/1.1"" 200 12433 ""http://localhost/"" ""Mozilla/5.0 (X11; Linux x86_64) AppleWebKit/537.36 (KHTML, like Gecko) Chrome/134.0.0.0 Safari/537.36""",logstash,"filebeat: /logstash/syslog/access.log","1.025","process_archive, filebeat, beats_input_codec_plain_applied, _grokparsefailure_1100-01, _grokparsefail_6018-01","process_archive, filebeat, beats_input_codec_plain_applied, _grokparsefailure_1100-01, _grokparsefail_6018-01"
"2026-02-14 08:44:34.867 +00:00",1,"dnRSW5wBjj3VEg7fxJ_D","-","logstash-2026.02","-","bb7e1ec4-e003-4ed8-82b1-1a1ec31d436f","bb7e1ec4-e003-4ed8-82b1-1a1ec31d436f","ece913e0-ebed-4674-b6b2-e5a772b6637b","ece913e0-ebed-4674-b6b2-e5a772b6637b","sof-elk","sof-elk",filebeat,filebeat,"9.1.5","9.1.5","8.0.0","8.0.0","10.10.16.46 - - [14/Feb/2026:07:27:00 +0000] ""GET /upload.php HTTP/1.1"" 200 15650 ""http://browsed.htb/upload.php"" ""Mozilla/5.0 (X11; Linux x86_64) AppleWebKit/537.36 (KHTML, like Gecko) Chrome/144.0.0.0 Safari/537.36""","10.10.16.46 - - [14/Feb/2026:07:27:00 +0000] ""GET /upload.php HTTP/1.1"" 200 15650 ""http://browsed.htb/upload.php"" ""Mozilla/5.0 (X11; Linux x86_64) AppleWebKit/537.36 (KHTML, like Gecko) Chrome/144.0.0.0 Safari/537.36""",filestream,filestream,syslog,syslog,"64,513",cde16b666e044aa70d9bb73d67b438d41d7dfc8fb60fa7d49061e44c9a7c1f1f,cde16b666e044aa70d9bb73d67b438d41d7dfc8fb60fa7d49061e44c9a7c1f1f,"5,636,113","/logstash/syslog/access.log","/logstash/syslog/access.log","14,326","-","-","10.10.16.46","10.10.16.46","- [14/Feb/2026:07:27:00 +0000] ""GET /upload.php HTTP/1.1"" 200 15650 ""http://browsed.htb/upload.php"" ""Mozilla/5.0 (X11; Linux x86_64) AppleWebKit/537.36 (KHTML, like Gecko) Chrome/144.0.0.0 Safari/537.36""","- [14/Feb/2026:07:27:00 +0000] ""GET /upload.php HTTP/1.1"" 200 15650 ""http://browsed.htb/upload.php"" ""Mozilla/5.0 (X11; Linux x86_64) AppleWebKit/537.36 (KHTML, like Gecko) Chrome/144.0.0.0 Safari/537.36""",logstash,"filebeat: /logstash/syslog/access.log","1.025","process_archive, filebeat, beats_input_codec_plain_applied, _grokparsefailure_1100-01, _grokparsefail_6018-01","process_archive, filebeat, beats_input_codec_plain_applied, _grokparsefailure_1100-01, _grokparsefail_6018-01"
"2026-02-14 08:44:34.867 +00:00",1,"9nRSW5wBjj3VEg7fxJ_E","-","logstash-2026.02","-","bb7e1ec4-e003-4ed8-82b1-1a1ec31d436f","bb7e1ec4-e003-4ed8-82b1-1a1ec31d436f","ece913e0-ebed-4674-b6b2-e5a772b6637b","ece913e0-ebed-4674-b6b2-e5a772b6637b","sof-elk","sof-elk",filebeat,filebeat,"9.1.5","9.1.5","8.0.0","8.0.0","10.10.16.46 - - [14/Feb/2026:07:20:52 +0000] ""GET /images/pic01.jpg HTTP/1.1"" 200 3449 ""http://browsed.htb/"" ""Mozilla/5.0 (X11; Linux x86_64) AppleWebKit/537.36 (KHTML, like Gecko) Chrome/144.0.0.0 Safari/537.36""","10.10.16.46 - - [14/Feb/2026:07:20:52 +0000] ""GET /images/pic01.jpg HTTP/1.1"" 200 3449 ""http://browsed.htb/"" ""Mozilla/5.0 (X11; Linux x86_64) AppleWebKit/537.36 (KHTML, like Gecko) Chrome/144.0.0.0 Safari/537.36""",filestream,filestream,syslog,syslog,"64,513",cde16b666e044aa70d9bb73d67b438d41d7dfc8fb60fa7d49061e44c9a7c1f1f,cde16b666e044aa70d9bb73d67b438d41d7dfc8fb60fa7d49061e44c9a7c1f1f,"5,636,113","/logstash/syslog/access.log","/logstash/syslog/access.log","5,003","-","-","10.10.16.46","10.10.16.46","- [14/Feb/2026:07:20:52 +0000] ""GET /images/pic01.jpg HTTP/1.1"" 200 3449 ""http://browsed.htb/"" ""Mozilla/5.0 (X11; Linux x86_64) AppleWebKit/537.36 (KHTML, like Gecko) Chrome/144.0.0.0 Safari/537.36""","- [14/Feb/2026:07:20:52 +0000] ""GET /images/pic01.jpg HTTP/1.1"" 200 3449 ""http://browsed.htb/"" ""Mozilla/5.0 (X11; Linux x86_64) AppleWebKit/537.36 (KHTML, like Gecko) Chrome/144.0.0.0 Safari/537.36""",logstash,"filebeat: /logstash/syslog/access.log","1.074","process_archive, filebeat, beats_input_codec_plain_applied, _grokparsefailure_1100-01, _grokparsefail_6018-01","process_archive, filebeat, beats_input_codec_plain_applied, _grokparsefailure_1100-01, _grokparsefail_6018-01"
"2026-02-14 08:44:34.867 +00:00",1,"-HRSW5wBjj3VEg7fxJ_E","-","logstash-2026.02","-","bb7e1ec4-e003-4ed8-82b1-1a1ec31d436f","bb7e1ec4-e003-4ed8-82b1-1a1ec31d436f","ece913e0-ebed-4674-b6b2-e5a772b6637b","ece913e0-ebed-4674-b6b2-e5a772b6637b","sof-elk","sof-elk",filebeat,filebeat,"9.1.5","9.1.5","8.0.0","8.0.0","10.10.16.46 - - [14/Feb/2026:07:20:59 +0000] ""GET /assets/css/fontawesome-all.min.css HTTP/1.1"" 200 59401 ""http://browsed.htb/assets/css/main.css"" ""Mozilla/5.0 (X11; Linux x86_64) AppleWebKit/537.36 (KHTML, like Gecko) Chrome/144.0.0.0 Safari/537.36""","10.10.16.46 - - [14/Feb/2026:07:20:59 +0000] ""GET /assets/css/fontawesome-all.min.css HTTP/1.1"" 200 59401 ""http://browsed.htb/assets/css/main.css"" ""Mozilla/5.0 (X11; Linux x86_64) AppleWebKit/537.36 (KHTML, like Gecko) Chrome/144.0.0.0 Safari/537.36""",filestream,filestream,syslog,syslog,"64,513",cde16b666e044aa70d9bb73d67b438d41d7dfc8fb60fa7d49061e44c9a7c1f1f,cde16b666e044aa70d9bb73d67b438d41d7dfc8fb60fa7d49061e44c9a7c1f1f,"5,636,113","/logstash/syslog/access.log","/logstash/syslog/access.log","7,643","-","-","10.10.16.46","10.10.16.46","- [14/Feb/2026:07:20:59 +0000] ""GET /assets/css/fontawesome-all.min.css HTTP/1.1"" 200 59401 ""http://browsed.htb/assets/css/main.css"" ""Mozilla/5.0 (X11; Linux x86_64) AppleWebKit/537.36 (KHTML, like Gecko) Chrome/144.0.0.0 Safari/537.36""","- [14/Feb/2026:07:20:59 +0000] ""GET /assets/css/fontawesome-all.min.css HTTP/1.1"" 200 59401 ""http://browsed.htb/assets/css/main.css"" ""Mozilla/5.0 (X11; Linux x86_64) AppleWebKit/537.36 (KHTML, like Gecko) Chrome/144.0.0.0 Safari/537.36""",logstash,"filebeat: /logstash/syslog/access.log","1.074","process_archive, filebeat, beats_input_codec_plain_applied, _grokparsefailure_1100-01, _grokparsefail_6018-01","process_archive, filebeat, beats_input_codec_plain_applied, _grokparsefailure_1100-01, _grokparsefail_6018-01"
"2026-02-14 08:44:34.867 +00:00",1,"-XRSW5wBjj3VEg7fxJ_E","event.original.keyword","logstash-2026.02","-","bb7e1ec4-e003-4ed8-82b1-1a1ec31d436f","bb7e1ec4-e003-4ed8-82b1-1a1ec31d436f","ece913e0-ebed-4674-b6b2-e5a772b6637b","ece913e0-ebed-4674-b6b2-e5a772b6637b","sof-elk","sof-elk",filebeat,filebeat,"9.1.5","9.1.5","8.0.0","8.0.0","10.10.16.46 - - [14/Feb/2026:07:21:01 +0000] ""GET /assets/webfonts/fa-solid-900.woff2 HTTP/1.1"" 200 78268 ""http://browsed.htb/assets/css/fontawesome-all.min.css"" ""Mozilla/5.0 (X11; Linux x86_64) AppleWebKit/537.36 (KHTML, like Gecko) Chrome/144.0.0.0 Safari/537.36""","10.10.16.46 - - [14/Feb/2026:07:21:01 +0000] ""GET /assets/webfonts/fa-solid-900.woff2 HTTP/1.1"" 200 78268 ""http://browsed.htb/assets/css/fontawesome-all.min.css"" ""Mozilla/5.0 (X11; Linux x86_64) AppleWebKit/537.36 (KHTML, like Gecko) Chrome/144.0.0.0 Safari/537.36""",filestream,filestream,syslog,syslog,"64,513",cde16b666e044aa70d9bb73d67b438d41d7dfc8fb60fa7d49061e44c9a7c1f1f,cde16b666e044aa70d9bb73d67b438d41d7dfc8fb60fa7d49061e44c9a7c1f1f,"5,636,113","/logstash/syslog/access.log","/logstash/syslog/access.log","8,616","-","-","10.10.16.46","10.10.16.46","- [14/Feb/2026:07:21:01 +0000] ""GET /assets/webfonts/fa-solid-900.woff2 HTTP/1.1"" 200 78268 ""http://browsed.htb/assets/css/fontawesome-all.min.css"" ""Mozilla/5.0 (X11; Linux x86_64) AppleWebKit/537.36 (KHTML, like Gecko) Chrome/144.0.0.0 Safari/537.36""","- [14/Feb/2026:07:21:01 +0000] ""GET /assets/webfonts/fa-solid-900.woff2 HTTP/1.1"" 200 78268 ""http://browsed.htb/assets/css/fontawesome-all.min.css"" ""Mozilla/5.0 (X11; Linux x86_64) AppleWebKit/537.36 (KHTML, like Gecko) Chrome/144.0.0.0 Safari/537.36""",logstash,"filebeat: /logstash/syslog/access.log","1.074","process_archive, filebeat, beats_input_codec_plain_applied, _grokparsefailure_1100-01, _grokparsefail_6018-01","process_archive, filebeat, beats_input_codec_plain_applied, _grokparsefailure_1100-01, _grokparsefail_6018-01"
"2026-02-14 08:44:34.867 +00:00",1,"-nRSW5wBjj3VEg7fxJ_E","-","logstash-2026.02","-","bb7e1ec4-e003-4ed8-82b1-1a1ec31d436f","bb7e1ec4-e003-4ed8-82b1-1a1ec31d436f","ece913e0-ebed-4674-b6b2-e5a772b6637b","ece913e0-ebed-4674-b6b2-e5a772b6637b","sof-elk","sof-elk",filebeat,filebeat,"9.1.5","9.1.5","8.0.0","8.0.0","::1 - - [14/Feb/2026:07:26:52 +0000] ""GET / HTTP/1.1"" 200 2269 ""-"" ""Mozilla/5.0 (X11; Linux x86_64) AppleWebKit/537.36 (KHTML, like Gecko) Chrome/134.0.0.0 Safari/537.36""","::1 - - [14/Feb/2026:07:26:52 +0000] ""GET / HTTP/1.1"" 200 2269 ""-"" ""Mozilla/5.0 (X11; Linux x86_64) AppleWebKit/537.36 (KHTML, like Gecko) Chrome/134.0.0.0 Safari/537.36""",filestream,filestream,syslog,syslog,"64,513",cde16b666e044aa70d9bb73d67b438d41d7dfc8fb60fa7d49061e44c9a7c1f1f,cde16b666e044aa70d9bb73d67b438d41d7dfc8fb60fa7d49061e44c9a7c1f1f,"5,636,113","/logstash/syslog/access.log","/logstash/syslog/access.log","9,563","-","-","::1","::1","- [14/Feb/2026:07:26:52 +0000] ""GET / HTTP/1.1"" 200 2269 ""-"" ""Mozilla/5.0 (X11; Linux x86_64) AppleWebKit/537.36 (KHTML, like Gecko) Chrome/134.0.0.0 Safari/537.36""","- [14/Feb/2026:07:26:52 +0000] ""GET / HTTP/1.1"" 200 2269 ""-"" ""Mozilla/5.0 (X11; Linux x86_64) AppleWebKit/537.36 (KHTML, like Gecko) Chrome/134.0.0.0 Safari/537.36""",logstash,"filebeat: /logstash/syslog/access.log","1.074","process_archive, filebeat, beats_input_codec_plain_applied, _grokparsefailure_1100-01, _grokparsefail_6018-01","process_archive, filebeat, beats_input_codec_plain_applied, _grokparsefailure_1100-01, _grokparsefail_6018-01"
"2026-02-14 08:44:34.867 +00:00",1,"-3RSW5wBjj3VEg7fxJ_E","-","logstash-2026.02","-","bb7e1ec4-e003-4ed8-82b1-1a1ec31d436f","bb7e1ec4-e003-4ed8-82b1-1a1ec31d436f","ece913e0-ebed-4674-b6b2-e5a772b6637b","ece913e0-ebed-4674-b6b2-e5a772b6637b","sof-elk","sof-elk",filebeat,filebeat,"9.1.5","9.1.5","8.0.0","8.0.0","::1 - - [14/Feb/2026:07:26:52 +0000] ""GET /images/pic02.jpg HTTP/1.1"" 200 29533 ""http://localhost/"" ""Mozilla/5.0 (X11; Linux x86_64) AppleWebKit/537.36 (KHTML, like Gecko) Chrome/134.0.0.0 Safari/537.36""","::1 - - [14/Feb/2026:07:26:52 +0000] ""GET /images/pic02.jpg HTTP/1.1"" 200 29533 ""http://localhost/"" ""Mozilla/5.0 (X11; Linux x86_64) AppleWebKit/537.36 (KHTML, like Gecko) Chrome/134.0.0.0 Safari/537.36""",filestream,filestream,syslog,syslog,"64,513",cde16b666e044aa70d9bb73d67b438d41d7dfc8fb60fa7d49061e44c9a7c1f1f,cde16b666e044aa70d9bb73d67b438d41d7dfc8fb60fa7d49061e44c9a7c1f1f,"5,636,113","/logstash/syslog/access.log","/logstash/syslog/access.log","10,321","-","-","::1","::1","- [14/Feb/2026:07:26:52 +0000] ""GET /images/pic02.jpg HTTP/1.1"" 200 29533 ""http://localhost/"" ""Mozilla/5.0 (X11; Linux x86_64) AppleWebKit/537.36 (KHTML, like Gecko) Chrome/134.0.0.0 Safari/537.36""","- [14/Feb/2026:07:26:52 +0000] ""GET /images/pic02.jpg HTTP/1.1"" 200 29533 ""http://localhost/"" ""Mozilla/5.0 (X11; Linux x86_64) AppleWebKit/537.36 (KHTML, like Gecko) Chrome/134.0.0.0 Safari/537.36""",logstash,"filebeat: /logstash/syslog/access.log","1.074","process_archive, filebeat, beats_input_codec_plain_applied, _grokparsefailure_1100-01, _grokparsefail_6018-01","process_archive, filebeat, beats_input_codec_plain_applied, _grokparsefailure_1100-01, _grokparsefail_6018-01"
"2026-02-14 08:44:34.867 +00:00",1,"_HRSW5wBjj3VEg7fxJ_E","-","logstash-2026.02","-","bb7e1ec4-e003-4ed8-82b1-1a1ec31d436f","bb7e1ec4-e003-4ed8-82b1-1a1ec31d436f","ece913e0-ebed-4674-b6b2-e5a772b6637b","ece913e0-ebed-4674-b6b2-e5a772b6637b","sof-elk","sof-elk",filebeat,filebeat,"9.1.5","9.1.5","8.0.0","8.0.0","::1 - - [14/Feb/2026:07:26:52 +0000] ""GET /images/pic03.jpg HTTP/1.1"" 200 35227 ""http://localhost/"" ""Mozilla/5.0 (X11; Linux x86_64) AppleWebKit/537.36 (KHTML, like Gecko) Chrome/134.0.0.0 Safari/537.36""","::1 - - [14/Feb/2026:07:26:52 +0000] ""GET /images/pic03.jpg HTTP/1.1"" 200 35227 ""http://localhost/"" ""Mozilla/5.0 (X11; Linux x86_64) AppleWebKit/537.36 (KHTML, like Gecko) Chrome/134.0.0.0 Safari/537.36""",filestream,filestream,syslog,syslog,"64,513",cde16b666e044aa70d9bb73d67b438d41d7dfc8fb60fa7d49061e44c9a7c1f1f,cde16b666e044aa70d9bb73d67b438d41d7dfc8fb60fa7d49061e44c9a7c1f1f,"5,636,113","/logstash/syslog/access.log","/logstash/syslog/access.log","11,145","-","-","::1","::1","- [14/Feb/2026:07:26:52 +0000] ""GET /images/pic03.jpg HTTP/1.1"" 200 35227 ""http://localhost/"" ""Mozilla/5.0 (X11; Linux x86_64) AppleWebKit/537.36 (KHTML, like Gecko) Chrome/134.0.0.0 Safari/537.36""","- [14/Feb/2026:07:26:52 +0000] ""GET /images/pic03.jpg HTTP/1.1"" 200 35227 ""http://localhost/"" ""Mozilla/5.0 (X11; Linux x86_64) AppleWebKit/537.36 (KHTML, like Gecko) Chrome/134.0.0.0 Safari/537.36""",logstash,"filebeat: /logstash/syslog/access.log","1.074","process_archive, filebeat, beats_input_codec_plain_applied, _grokparsefailure_1100-01, _grokparsefail_6018-01","process_archive, filebeat, beats_input_codec_plain_applied, _grokparsefailure_1100-01, _grokparsefail_6018-01"
"2026-02-14 08:44:34.867 +00:00",1,"_XRSW5wBjj3VEg7fxJ_E","-","logstash-2026.02","-","bb7e1ec4-e003-4ed8-82b1-1a1ec31d436f","bb7e1ec4-e003-4ed8-82b1-1a1ec31d436f","ece913e0-ebed-4674-b6b2-e5a772b6637b","ece913e0-ebed-4674-b6b2-e5a772b6637b","sof-elk","sof-elk",filebeat,filebeat,"9.1.5","9.1.5","8.0.0","8.0.0","::1 - - [14/Feb/2026:07:26:52 +0000] ""GET /assets/js/jquery.min.js HTTP/1.1"" 200 89501 ""http://localhost/"" ""Mozilla/5.0 (X11; Linux x86_64) AppleWebKit/537.36 (KHTML, like Gecko) Chrome/134.0.0.0 Safari/537.36""","::1 - - [14/Feb/2026:07:26:52 +0000] ""GET /assets/js/jquery.min.js HTTP/1.1"" 200 89501 ""http://localhost/"" ""Mozilla/5.0 (X11; Linux x86_64) AppleWebKit/537.36 (KHTML, like Gecko) Chrome/134.0.0.0 Safari/537.36""",filestream,filestream,syslog,syslog,"64,513",cde16b666e044aa70d9bb73d67b438d41d7dfc8fb60fa7d49061e44c9a7c1f1f,cde16b666e044aa70d9bb73d67b438d41d7dfc8fb60fa7d49061e44c9a7c1f1f,"5,636,113","/logstash/syslog/access.log","/logstash/syslog/access.log","12,009","-","-","::1","::1","- [14/Feb/2026:07:26:52 +0000] ""GET /assets/js/jquery.min.js HTTP/1.1"" 200 89501 ""http://localhost/"" ""Mozilla/5.0 (X11; Linux x86_64) AppleWebKit/537.36 (KHTML, like Gecko) Chrome/134.0.0.0 Safari/537.36""","- [14/Feb/2026:07:26:52 +0000] ""GET /assets/js/jquery.min.js HTTP/1.1"" 200 89501 ""http://localhost/"" ""Mozilla/5.0 (X11; Linux x86_64) AppleWebKit/537.36 (KHTML, like Gecko) Chrome/134.0.0.0 Safari/537.36""",logstash,"filebeat: /logstash/syslog/access.log","1.074","process_archive, filebeat, beats_input_codec_plain_applied, _grokparsefailure_1100-01, _grokparsefail_6018-01","process_archive, filebeat, beats_input_codec_plain_applied, _grokparsefailure_1100-01, _grokparsefail_6018-01"
"2026-02-14 08:44:34.867 +00:00",1,"_nRSW5wBjj3VEg7fxJ_E","-","logstash-2026.02","-","bb7e1ec4-e003-4ed8-82b1-1a1ec31d436f","bb7e1ec4-e003-4ed8-82b1-1a1ec31d436f","ece913e0-ebed-4674-b6b2-e5a772b6637b","ece913e0-ebed-4674-b6b2-e5a772b6637b","sof-elk","sof-elk",filebeat,filebeat,"9.1.5","9.1.5","8.0.0","8.0.0","::1 - - [14/Feb/2026:07:26:52 +0000] ""GET /assets/js/breakpoints.min.js HTTP/1.1"" 200 2439 ""http://localhost/"" ""Mozilla/5.0 (X11; Linux x86_64) AppleWebKit/537.36 (KHTML, like Gecko) Chrome/134.0.0.0 Safari/537.36""","::1 - - [14/Feb/2026:07:26:52 +0000] ""GET /assets/js/breakpoints.min.js HTTP/1.1"" 200 2439 ""http://localhost/"" ""Mozilla/5.0 (X11; Linux x86_64) AppleWebKit/537.36 (KHTML, like Gecko) Chrome/134.0.0.0 Safari/537.36""",filestream,filestream,syslog,syslog,"64,513",cde16b666e044aa70d9bb73d67b438d41d7dfc8fb60fa7d49061e44c9a7c1f1f,cde16b666e044aa70d9bb73d67b438d41d7dfc8fb60fa7d49061e44c9a7c1f1f,"5,636,113","/logstash/syslog/access.log","/logstash/syslog/access.log","12,876","-","-","::1","::1","- [14/Feb/2026:07:26:52 +0000] ""GET /assets/js/breakpoints.min.js HTTP/1.1"" 200 2439 ""http://localhost/"" ""Mozilla/5.0 (X11; Linux x86_64) AppleWebKit/537.36 (KHTML, like Gecko) Chrome/134.0.0.0 Safari/537.36""","- [14/Feb/2026:07:26:52 +0000] ""GET /assets/js/breakpoints.min.js HTTP/1.1"" 200 2439 ""http://localhost/"" ""Mozilla/5.0 (X11; Linux x86_64) AppleWebKit/537.36 (KHTML, like Gecko) Chrome/134.0.0.0 Safari/537.36""",logstash,"filebeat: /logstash/syslog/access.log","1.074","process_archive, filebeat, beats_input_codec_plain_applied, _grokparsefailure_1100-01, _grokparsefail_6018-01","process_archive, filebeat, beats_input_codec_plain_applied, _grokparsefailure_1100-01, _grokparsefail_6018-01"
"2026-02-14 08:44:34.867 +00:00",1,dXRSW5wBjj3VEg7fxKDE,"-","logstash-2026.02","-","bb7e1ec4-e003-4ed8-82b1-1a1ec31d436f","bb7e1ec4-e003-4ed8-82b1-1a1ec31d436f","ece913e0-ebed-4674-b6b2-e5a772b6637b","ece913e0-ebed-4674-b6b2-e5a772b6637b","sof-elk","sof-elk",filebeat,filebeat,"9.1.5","9.1.5","8.0.0","8.0.0","10.10.16.46 - - [14/Feb/2026:07:21:01 +0000] ""GET /images/banner.jpg HTTP/1.1"" 200 32707 ""http://browsed.htb/assets/css/main.css"" ""Mozilla/5.0 (X11; Linux x86_64) AppleWebKit/537.36 (KHTML, like Gecko) Chrome/144.0.0.0 Safari/537.36""","10.10.16.46 - - [14/Feb/2026:07:21:01 +0000] ""GET /images/banner.jpg HTTP/1.1"" 200 32707 ""http://browsed.htb/assets/css/main.css"" ""Mozilla/5.0 (X11; Linux x86_64) AppleWebKit/537.36 (KHTML, like Gecko) Chrome/144.0.0.0 Safari/537.36""",filestream,filestream,syslog,syslog,"64,513",cde16b666e044aa70d9bb73d67b438d41d7dfc8fb60fa7d49061e44c9a7c1f1f,cde16b666e044aa70d9bb73d67b438d41d7dfc8fb60fa7d49061e44c9a7c1f1f,"5,636,113","/logstash/syslog/access.log","/logstash/syslog/access.log","7,894","-","-","10.10.16.46","10.10.16.46","- [14/Feb/2026:07:21:01 +0000] ""GET /images/banner.jpg HTTP/1.1"" 200 32707 ""http://browsed.htb/assets/css/main.css"" ""Mozilla/5.0 (X11; Linux x86_64) AppleWebKit/537.36 (KHTML, like Gecko) Chrome/144.0.0.0 Safari/537.36""","- [14/Feb/2026:07:21:01 +0000] ""GET /images/banner.jpg HTTP/1.1"" 200 32707 ""http://browsed.htb/assets/css/main.css"" ""Mozilla/5.0 (X11; Linux x86_64) AppleWebKit/537.36 (KHTML, like Gecko) Chrome/144.0.0.0 Safari/537.36""",logstash,"filebeat: /logstash/syslog/access.log","0.914","process_archive, filebeat, beats_input_codec_plain_applied, _grokparsefailure_1100-01, _grokparsefail_6018-01","process_archive, filebeat, beats_input_codec_plain_applied, _grokparsefailure_1100-01, _grokparsefail_6018-01"
"2026-02-14 08:44:34.867 +00:00",1,dnRSW5wBjj3VEg7fxKDE,"event.original.keyword","logstash-2026.02","-","bb7e1ec4-e003-4ed8-82b1-1a1ec31d436f","bb7e1ec4-e003-4ed8-82b1-1a1ec31d436f","ece913e0-ebed-4674-b6b2-e5a772b6637b","ece913e0-ebed-4674-b6b2-e5a772b6637b","sof-elk","sof-elk",filebeat,filebeat,"9.1.5","9.1.5","8.0.0","8.0.0","10.10.16.46 - - [14/Feb/2026:07:21:01 +0000] ""GET /assets/webfonts/fa-brands-400.woff2 HTTP/1.1"" 200 76736 ""http://browsed.htb/assets/css/fontawesome-all.min.css"" ""Mozilla/5.0 (X11; Linux x86_64) AppleWebKit/537.36 (KHTML, like Gecko) Chrome/144.0.0.0 Safari/537.36""","10.10.16.46 - - [14/Feb/2026:07:21:01 +0000] ""GET /assets/webfonts/fa-brands-400.woff2 HTTP/1.1"" 200 76736 ""http://browsed.htb/assets/css/fontawesome-all.min.css"" ""Mozilla/5.0 (X11; Linux x86_64) AppleWebKit/537.36 (KHTML, like Gecko) Chrome/144.0.0.0 Safari/537.36""",filestream,filestream,syslog,syslog,"64,513",cde16b666e044aa70d9bb73d67b438d41d7dfc8fb60fa7d49061e44c9a7c1f1f,cde16b666e044aa70d9bb73d67b438d41d7dfc8fb60fa7d49061e44c9a7c1f1f,"5,636,113","/logstash/syslog/access.log","/logstash/syslog/access.log","8,882","-","-","10.10.16.46","10.10.16.46","- [14/Feb/2026:07:21:01 +0000] ""GET /assets/webfonts/fa-brands-400.woff2 HTTP/1.1"" 200 76736 ""http://browsed.htb/assets/css/fontawesome-all.min.css"" ""Mozilla/5.0 (X11; Linux x86_64) AppleWebKit/537.36 (KHTML, like Gecko) Chrome/144.0.0.0 Safari/537.36""","- [14/Feb/2026:07:21:01 +0000] ""GET /assets/webfonts/fa-brands-400.woff2 HTTP/1.1"" 200 76736 ""http://browsed.htb/assets/css/fontawesome-all.min.css"" ""Mozilla/5.0 (X11; Linux x86_64) AppleWebKit/537.36 (KHTML, like Gecko) Chrome/144.0.0.0 Safari/537.36""",logstash,"filebeat: /logstash/syslog/access.log","0.914","process_archive, filebeat, beats_input_codec_plain_applied, _grokparsefailure_1100-01, _grokparsefail_6018-01","process_archive, filebeat, beats_input_codec_plain_applied, _grokparsefailure_1100-01, _grokparsefail_6018-01"
"2026-02-14 08:44:34.867 +00:00",1,d3RSW5wBjj3VEg7fxKDE,"-","logstash-2026.02","-","bb7e1ec4-e003-4ed8-82b1-1a1ec31d436f","bb7e1ec4-e003-4ed8-82b1-1a1ec31d436f","ece913e0-ebed-4674-b6b2-e5a772b6637b","ece913e0-ebed-4674-b6b2-e5a772b6637b","sof-elk","sof-elk",filebeat,filebeat,"9.1.5","9.1.5","8.0.0","8.0.0","127.0.0.1 - - [14/Feb/2026:07:26:52 +0000] ""GET / HTTP/1.1"" 200 5770 ""-"" ""Mozilla/5.0 (X11; Linux x86_64) AppleWebKit/537.36 (KHTML, like Gecko) Chrome/134.0.0.0 Safari/537.36""","127.0.0.1 - - [14/Feb/2026:07:26:52 +0000] ""GET / HTTP/1.1"" 200 5770 ""-"" ""Mozilla/5.0 (X11; Linux x86_64) AppleWebKit/537.36 (KHTML, like Gecko) Chrome/134.0.0.0 Safari/537.36""",filestream,filestream,syslog,syslog,"64,513",cde16b666e044aa70d9bb73d67b438d41d7dfc8fb60fa7d49061e44c9a7c1f1f,cde16b666e044aa70d9bb73d67b438d41d7dfc8fb60fa7d49061e44c9a7c1f1f,"5,636,113","/logstash/syslog/access.log","/logstash/syslog/access.log","9,734","-","-","127.0.0.1","127.0.0.1","- [14/Feb/2026:07:26:52 +0000] ""GET / HTTP/1.1"" 200 5770 ""-"" ""Mozilla/5.0 (X11; Linux x86_64) AppleWebKit/537.36 (KHTML, like Gecko) Chrome/134.0.0.0 Safari/537.36""","- [14/Feb/2026:07:26:52 +0000] ""GET / HTTP/1.1"" 200 5770 ""-"" ""Mozilla/5.0 (X11; Linux x86_64) AppleWebKit/537.36 (KHTML, like Gecko) Chrome/134.0.0.0 Safari/537.36""",logstash,"filebeat: /logstash/syslog/access.log","0.914","process_archive, filebeat, beats_input_codec_plain_applied, _grokparsefailure_1100-01, _grokparsefail_6018-01","process_archive, filebeat, beats_input_codec_plain_applied, _grokparsefailure_1100-01, _grokparsefail_6018-01"
"2026-02-14 08:44:34.867 +00:00",1,eHRSW5wBjj3VEg7fxKDE,"-","logstash-2026.02","-","bb7e1ec4-e003-4ed8-82b1-1a1ec31d436f","bb7e1ec4-e003-4ed8-82b1-1a1ec31d436f","ece913e0-ebed-4674-b6b2-e5a772b6637b","ece913e0-ebed-4674-b6b2-e5a772b6637b","sof-elk","sof-elk",filebeat,filebeat,"9.1.5","9.1.5","8.0.0","8.0.0","127.0.0.1 - - [14/Feb/2026:07:26:52 +0000] ""GET /assets/css/theme-gitea-auto.css?v=1.24.5 HTTP/1.1"" 200 4325 ""-"" ""Mozilla/5.0 (X11; Linux x86_64) AppleWebKit/537.36 (KHTML, like Gecko) Chrome/134.0.0.0 Safari/537.36""","127.0.0.1 - - [14/Feb/2026:07:26:52 +0000] ""GET /assets/css/theme-gitea-auto.css?v=1.24.5 HTTP/1.1"" 200 4325 ""-"" ""Mozilla/5.0 (X11; Linux x86_64) AppleWebKit/537.36 (KHTML, like Gecko) Chrome/134.0.0.0 Safari/537.36""",filestream,filestream,syslog,syslog,"64,513",cde16b666e044aa70d9bb73d67b438d41d7dfc8fb60fa7d49061e44c9a7c1f1f,cde16b666e044aa70d9bb73d67b438d41d7dfc8fb60fa7d49061e44c9a7c1f1f,"5,636,113","/logstash/syslog/access.log","/logstash/syslog/access.log","10,525","-","-","127.0.0.1","127.0.0.1","- [14/Feb/2026:07:26:52 +0000] ""GET /assets/css/theme-gitea-auto.css?v=1.24.5 HTTP/1.1"" 200 4325 ""-"" ""Mozilla/5.0 (X11; Linux x86_64) AppleWebKit/537.36 (KHTML, like Gecko) Chrome/134.0.0.0 Safari/537.36""","- [14/Feb/2026:07:26:52 +0000] ""GET /assets/css/theme-gitea-auto.css?v=1.24.5 HTTP/1.1"" 200 4325 ""-"" ""Mozilla/5.0 (X11; Linux x86_64) AppleWebKit/537.36 (KHTML, like Gecko) Chrome/134.0.0.0 Safari/537.36""",logstash,"filebeat: /logstash/syslog/access.log","0.914","process_archive, filebeat, beats_input_codec_plain_applied, _grokparsefailure_1100-01, _grokparsefail_6018-01","process_archive, filebeat, beats_input_codec_plain_applied, _grokparsefailure_1100-01, _grokparsefail_6018-01"
"2026-02-14 08:44:34.867 +00:00",1,eXRSW5wBjj3VEg7fxKDE,"-","logstash-2026.02","-","bb7e1ec4-e003-4ed8-82b1-1a1ec31d436f","bb7e1ec4-e003-4ed8-82b1-1a1ec31d436f","ece913e0-ebed-4674-b6b2-e5a772b6637b","ece913e0-ebed-4674-b6b2-e5a772b6637b","sof-elk","sof-elk",filebeat,filebeat,"9.1.5","9.1.5","8.0.0","8.0.0","::1 - - [14/Feb/2026:07:26:52 +0000] ""GET /assets/css/fontawesome-all.min.css HTTP/1.1"" 200 59401 ""http://localhost/assets/css/main.css"" ""Mozilla/5.0 (X11; Linux x86_64) AppleWebKit/537.36 (KHTML, like Gecko) Chrome/134.0.0.0 Safari/537.36""","::1 - - [14/Feb/2026:07:26:52 +0000] ""GET /assets/css/fontawesome-all.min.css HTTP/1.1"" 200 59401 ""http://localhost/assets/css/main.css"" ""Mozilla/5.0 (X11; Linux x86_64) AppleWebKit/537.36 (KHTML, like Gecko) Chrome/134.0.0.0 Safari/537.36""",filestream,filestream,syslog,syslog,"64,513",cde16b666e044aa70d9bb73d67b438d41d7dfc8fb60fa7d49061e44c9a7c1f1f,cde16b666e044aa70d9bb73d67b438d41d7dfc8fb60fa7d49061e44c9a7c1f1f,"5,636,113","/logstash/syslog/access.log","/logstash/syslog/access.log","11,349","-","-","::1","::1","- [14/Feb/2026:07:26:52 +0000] ""GET /assets/css/fontawesome-all.min.css HTTP/1.1"" 200 59401 ""http://localhost/assets/css/main.css"" ""Mozilla/5.0 (X11; Linux x86_64) AppleWebKit/537.36 (KHTML, like Gecko) Chrome/134.0.0.0 Safari/537.36""","- [14/Feb/2026:07:26:52 +0000] ""GET /assets/css/fontawesome-all.min.css HTTP/1.1"" 200 59401 ""http://localhost/assets/css/main.css"" ""Mozilla/5.0 (X11; Linux x86_64) AppleWebKit/537.36 (KHTML, like Gecko) Chrome/134.0.0.0 Safari/537.36""",logstash,"filebeat: /logstash/syslog/access.log","0.914","process_archive, filebeat, beats_input_codec_plain_applied, _grokparsefailure_1100-01, _grokparsefail_6018-01","process_archive, filebeat, beats_input_codec_plain_applied, _grokparsefailure_1100-01, _grokparsefail_6018-01"
"2026-02-14 08:44:34.867 +00:00",1,"h3RSW5wBjj3VEg7fxJ_D","-","logstash-2026.02","-","bb7e1ec4-e003-4ed8-82b1-1a1ec31d436f","bb7e1ec4-e003-4ed8-82b1-1a1ec31d436f","ece913e0-ebed-4674-b6b2-e5a772b6637b","ece913e0-ebed-4674-b6b2-e5a772b6637b","sof-elk","sof-elk",filebeat,filebeat,"9.1.5","9.1.5","8.0.0","8.0.0","10.10.16.46 - - [14/Feb/2026:07:27:00 +0000] ""GET /upload.php?output=1 HTTP/1.1"" 200 13111 ""http://browsed.htb/upload.php"" ""Mozilla/5.0 (X11; Linux x86_64) AppleWebKit/537.36 (KHTML, like Gecko) Chrome/144.0.0.0 Safari/537.36""","10.10.16.46 - - [14/Feb/2026:07:27:00 +0000] ""GET /upload.php?output=1 HTTP/1.1"" 200 13111 ""http://browsed.htb/upload.php"" ""Mozilla/5.0 (X11; Linux x86_64) AppleWebKit/537.36 (KHTML, like Gecko) Chrome/144.0.0.0 Safari/537.36""",filestream,filestream,syslog,syslog,"64,513",cde16b666e044aa70d9bb73d67b438d41d7dfc8fb60fa7d49061e44c9a7c1f1f,cde16b666e044aa70d9bb73d67b438d41d7dfc8fb60fa7d49061e44c9a7c1f1f,"5,636,113","/logstash/syslog/access.log","/logstash/syslog/access.log","14,544","-","-","10.10.16.46","10.10.16.46","- [14/Feb/2026:07:27:00 +0000] ""GET /upload.php?output=1 HTTP/1.1"" 200 13111 ""http://browsed.htb/upload.php"" ""Mozilla/5.0 (X11; Linux x86_64) AppleWebKit/537.36 (KHTML, like Gecko) Chrome/144.0.0.0 Safari/537.36""","- [14/Feb/2026:07:27:00 +0000] ""GET /upload.php?output=1 HTTP/1.1"" 200 13111 ""http://browsed.htb/upload.php"" ""Mozilla/5.0 (X11; Linux x86_64) AppleWebKit/537.36 (KHTML, like Gecko) Chrome/144.0.0.0 Safari/537.36""",logstash,"filebeat: /logstash/syslog/access.log","0.992","process_archive, filebeat, beats_input_codec_plain_applied, _grokparsefailure_1100-01, _grokparsefail_6018-01","process_archive, filebeat, beats_input_codec_plain_applied, _grokparsefailure_1100-01, _grokparsefail_6018-01"
"2026-02-14 08:44:34.867 +00:00",1,"93RSW5wBjj3VEg7fxJ_E","-","logstash-2026.02","-","bb7e1ec4-e003-4ed8-82b1-1a1ec31d436f","bb7e1ec4-e003-4ed8-82b1-1a1ec31d436f","ece913e0-ebed-4674-b6b2-e5a772b6637b","ece913e0-ebed-4674-b6b2-e5a772b6637b","sof-elk","sof-elk",filebeat,filebeat,"9.1.5","9.1.5","8.0.0","8.0.0","10.10.16.46 - - [14/Feb/2026:07:20:57 +0000] ""GET /assets/js/jquery.min.js HTTP/1.1"" 200 89501 ""http://browsed.htb/"" ""Mozilla/5.0 (X11; Linux x86_64) AppleWebKit/537.36 (KHTML, like Gecko) Chrome/144.0.0.0 Safari/537.36""","10.10.16.46 - - [14/Feb/2026:07:20:57 +0000] ""GET /assets/js/jquery.min.js HTTP/1.1"" 200 89501 ""http://browsed.htb/"" ""Mozilla/5.0 (X11; Linux x86_64) AppleWebKit/537.36 (KHTML, like Gecko) Chrome/144.0.0.0 Safari/537.36""",filestream,filestream,syslog,syslog,"64,513",cde16b666e044aa70d9bb73d67b438d41d7dfc8fb60fa7d49061e44c9a7c1f1f,cde16b666e044aa70d9bb73d67b438d41d7dfc8fb60fa7d49061e44c9a7c1f1f,"5,636,113","/logstash/syslog/access.log","/logstash/syslog/access.log","6,768","-","-","10.10.16.46","10.10.16.46","- [14/Feb/2026:07:20:57 +0000] ""GET /assets/js/jquery.min.js HTTP/1.1"" 200 89501 ""http://browsed.htb/"" ""Mozilla/5.0 (X11; Linux x86_64) AppleWebKit/537.36 (KHTML, like Gecko) Chrome/144.0.0.0 Safari/537.36""","- [14/Feb/2026:07:20:57 +0000] ""GET /assets/js/jquery.min.js HTTP/1.1"" 200 89501 ""http://browsed.htb/"" ""Mozilla/5.0 (X11; Linux x86_64) AppleWebKit/537.36 (KHTML, like Gecko) Chrome/144.0.0.0 Safari/537.36""",logstash,"filebeat: /logstash/syslog/access.log","1.074","process_archive, filebeat, beats_input_codec_plain_applied, _grokparsefailure_1100-01, _grokparsefail_6018-01","process_archive, filebeat, beats_input_codec_plain_applied, _grokparsefailure_1100-01, _grokparsefail_6018-01"
"2026-02-14 08:44:34.866 +00:00",1,bHRSW5wBjj3VEg7fxKDE,"-","logstash-2026.02","-","bb7e1ec4-e003-4ed8-82b1-1a1ec31d436f","bb7e1ec4-e003-4ed8-82b1-1a1ec31d436f","ece913e0-ebed-4674-b6b2-e5a772b6637b","ece913e0-ebed-4674-b6b2-e5a772b6637b","sof-elk","sof-elk",filebeat,filebeat,"9.1.5","9.1.5","8.0.0","8.0.0","10.10.16.46 - - [14/Feb/2026:07:20:14 +0000] ""GET / HTTP/1.0"" 200 6708 ""-"" ""-""","10.10.16.46 - - [14/Feb/2026:07:20:14 +0000] ""GET / HTTP/1.0"" 200 6708 ""-"" ""-""",filestream,filestream,syslog,syslog,"64,513",cde16b666e044aa70d9bb73d67b438d41d7dfc8fb60fa7d49061e44c9a7c1f1f,cde16b666e044aa70d9bb73d67b438d41d7dfc8fb60fa7d49061e44c9a7c1f1f,"5,636,113","/logstash/syslog/access.log","/logstash/syslog/access.log","1,549","-","-","10.10.16.46","10.10.16.46","- [14/Feb/2026:07:20:14 +0000] ""GET / HTTP/1.0"" 200 6708 ""-"" ""-""","- [14/Feb/2026:07:20:14 +0000] ""GET / HTTP/1.0"" 200 6708 ""-"" ""-""",logstash,"filebeat: /logstash/syslog/access.log","0.914","process_archive, filebeat, beats_input_codec_plain_applied, _grokparsefailure_1100-01, _grokparsefail_6018-01","process_archive, filebeat, beats_input_codec_plain_applied, _grokparsefailure_1100-01, _grokparsefail_6018-01"
"2026-02-14 08:44:34.866 +00:00",1,bXRSW5wBjj3VEg7fxKDE,"-","logstash-2026.02","-","bb7e1ec4-e003-4ed8-82b1-1a1ec31d436f","bb7e1ec4-e003-4ed8-82b1-1a1ec31d436f","ece913e0-ebed-4674-b6b2-e5a772b6637b","ece913e0-ebed-4674-b6b2-e5a772b6637b","sof-elk","sof-elk",filebeat,filebeat,"9.1.5","9.1.5","8.0.0","8.0.0","10.10.16.46 - - [14/Feb/2026:07:20:14 +0000] ""OPTIONS / HTTP/1.1"" 405 166 ""-"" ""Mozilla/5.0 (compatible; Nmap Scripting Engine; https://nmap.org/book/nse.html)""","10.10.16.46 - - [14/Feb/2026:07:20:14 +0000] ""OPTIONS / HTTP/1.1"" 405 166 ""-"" ""Mozilla/5.0 (compatible; Nmap Scripting Engine; https://nmap.org/book/nse.html)""",filestream,filestream,syslog,syslog,"64,513",cde16b666e044aa70d9bb73d67b438d41d7dfc8fb60fa7d49061e44c9a7c1f1f,cde16b666e044aa70d9bb73d67b438d41d7dfc8fb60fa7d49061e44c9a7c1f1f,"5,636,113","/logstash/syslog/access.log","/logstash/syslog/access.log","2,106","-","-","10.10.16.46","10.10.16.46","- [14/Feb/2026:07:20:14 +0000] ""OPTIONS / HTTP/1.1"" 405 166 ""-"" ""Mozilla/5.0 (compatible; Nmap Scripting Engine; https://nmap.org/book/nse.html)""","- [14/Feb/2026:07:20:14 +0000] ""OPTIONS / HTTP/1.1"" 405 166 ""-"" ""Mozilla/5.0 (compatible; Nmap Scripting Engine; https://nmap.org/book/nse.html)""",logstash,"filebeat: /logstash/syslog/access.log","0.914","process_archive, filebeat, beats_input_codec_plain_applied, _grokparsefailure_1100-01, _grokparsefail_6018-01","process_archive, filebeat, beats_input_codec_plain_applied, _grokparsefailure_1100-01, _grokparsefail_6018-01"
"2026-02-14 08:44:34.866 +00:00",1,"THRSW5wBjj3VEg7fxJ_D","-","logstash-2026.02","-","bb7e1ec4-e003-4ed8-82b1-1a1ec31d436f","bb7e1ec4-e003-4ed8-82b1-1a1ec31d436f","ece913e0-ebed-4674-b6b2-e5a772b6637b","ece913e0-ebed-4674-b6b2-e5a772b6637b","sof-elk","sof-elk",filebeat,filebeat,"9.1.5","9.1.5","8.0.0","8.0.0","10.10.16.46 - - [14/Feb/2026:07:20:14 +0000] ""OPTIONS / HTTP/1.1"" 405 166 ""-"" ""Mozilla/5.0 (compatible; Nmap Scripting Engine; https://nmap.org/book/nse.html)""","10.10.16.46 - - [14/Feb/2026:07:20:14 +0000] ""OPTIONS / HTTP/1.1"" 405 166 ""-"" ""Mozilla/5.0 (compatible; Nmap Scripting Engine; https://nmap.org/book/nse.html)""",filestream,filestream,syslog,syslog,"64,513",cde16b666e044aa70d9bb73d67b438d41d7dfc8fb60fa7d49061e44c9a7c1f1f,cde16b666e044aa70d9bb73d67b438d41d7dfc8fb60fa7d49061e44c9a7c1f1f,"5,636,113","/logstash/syslog/access.log","/logstash/syslog/access.log",718,"-","-","10.10.16.46","10.10.16.46","- [14/Feb/2026:07:20:14 +0000] ""OPTIONS / HTTP/1.1"" 405 166 ""-"" ""Mozilla/5.0 (compatible; Nmap Scripting Engine; https://nmap.org/book/nse.html)""","- [14/Feb/2026:07:20:14 +0000] ""OPTIONS / HTTP/1.1"" 405 166 ""-"" ""Mozilla/5.0 (compatible; Nmap Scripting Engine; https://nmap.org/book/nse.html)""",logstash,"filebeat: /logstash/syslog/access.log","1.012","process_archive, filebeat, beats_input_codec_plain_applied, _grokparsefailure_1100-01, _grokparsefail_6018-01","process_archive, filebeat, beats_input_codec_plain_applied, _grokparsefailure_1100-01, _grokparsefail_6018-01"
"2026-02-14 08:44:34.866 +00:00",1,"TnRSW5wBjj3VEg7fxJ_D","-","logstash-2026.02","-","bb7e1ec4-e003-4ed8-82b1-1a1ec31d436f","bb7e1ec4-e003-4ed8-82b1-1a1ec31d436f","ece913e0-ebed-4674-b6b2-e5a772b6637b","ece913e0-ebed-4674-b6b2-e5a772b6637b","sof-elk","sof-elk",filebeat,filebeat,"9.1.5","9.1.5","8.0.0","8.0.0","10.10.16.46 - - [14/Feb/2026:07:20:14 +0000] ""GET /.git/HEAD HTTP/1.1"" 404 162 ""-"" ""Mozilla/5.0 (compatible; Nmap Scripting Engine; https://nmap.org/book/nse.html)""","10.10.16.46 - - [14/Feb/2026:07:20:14 +0000] ""GET /.git/HEAD HTTP/1.1"" 404 162 ""-"" ""Mozilla/5.0 (compatible; Nmap Scripting Engine; https://nmap.org/book/nse.html)""",filestream,filestream,syslog,syslog,"64,513",cde16b666e044aa70d9bb73d67b438d41d7dfc8fb60fa7d49061e44c9a7c1f1f,cde16b666e044aa70d9bb73d67b438d41d7dfc8fb60fa7d49061e44c9a7c1f1f,"5,636,113","/logstash/syslog/access.log","/logstash/syslog/access.log",878,"-","-","10.10.16.46","10.10.16.46","- [14/Feb/2026:07:20:14 +0000] ""GET /.git/HEAD HTTP/1.1"" 404 162 ""-"" ""Mozilla/5.0 (compatible; Nmap Scripting Engine; https://nmap.org/book/nse.html)""","- [14/Feb/2026:07:20:14 +0000] ""GET /.git/HEAD HTTP/1.1"" 404 162 ""-"" ""Mozilla/5.0 (compatible; Nmap Scripting Engine; https://nmap.org/book/nse.html)""",logstash,"filebeat: /logstash/syslog/access.log","1.012","process_archive, filebeat, beats_input_codec_plain_applied, _grokparsefailure_1100-01, _grokparsefail_6018-01","process_archive, filebeat, beats_input_codec_plain_applied, _grokparsefailure_1100-01, _grokparsefail_6018-01"
"2026-02-14 08:44:34.866 +00:00",1,"b3RSW5wBjj3VEg7fxJ_D","-","logstash-2026.02","-","bb7e1ec4-e003-4ed8-82b1-1a1ec31d436f","bb7e1ec4-e003-4ed8-82b1-1a1ec31d436f","ece913e0-ebed-4674-b6b2-e5a772b6637b","ece913e0-ebed-4674-b6b2-e5a772b6637b","sof-elk","sof-elk",filebeat,filebeat,"9.1.5","9.1.5","8.0.0","8.0.0","10.10.16.46 - - [14/Feb/2026:07:20:15 +0000] ""GET / HTTP/1.1"" 200 6708 ""-"" ""Mozilla/5.0 (compatible; Nmap Scripting Engine; https://nmap.org/book/nse.html)""","10.10.16.46 - - [14/Feb/2026:07:20:15 +0000] ""GET / HTTP/1.1"" 200 6708 ""-"" ""Mozilla/5.0 (compatible; Nmap Scripting Engine; https://nmap.org/book/nse.html)""",filestream,filestream,syslog,syslog,"64,513",cde16b666e044aa70d9bb73d67b438d41d7dfc8fb60fa7d49061e44c9a7c1f1f,cde16b666e044aa70d9bb73d67b438d41d7dfc8fb60fa7d49061e44c9a7c1f1f,"5,636,113","/logstash/syslog/access.log","/logstash/syslog/access.log","3,077","-","-","10.10.16.46","10.10.16.46","- [14/Feb/2026:07:20:15 +0000] ""GET / HTTP/1.1"" 200 6708 ""-"" ""Mozilla/5.0 (compatible; Nmap Scripting Engine; https://nmap.org/book/nse.html)""","- [14/Feb/2026:07:20:15 +0000] ""GET / HTTP/1.1"" 200 6708 ""-"" ""Mozilla/5.0 (compatible; Nmap Scripting Engine; https://nmap.org/book/nse.html)""",logstash,"filebeat: /logstash/syslog/access.log","0.992","process_archive, filebeat, beats_input_codec_plain_applied, _grokparsefailure_1100-01, _grokparsefail_6018-01","process_archive, filebeat, beats_input_codec_plain_applied, _grokparsefailure_1100-01, _grokparsefail_6018-01"
"2026-02-14 08:44:34.866 +00:00",1,"cXRSW5wBjj3VEg7fxJ_D","-","logstash-2026.02","-","bb7e1ec4-e003-4ed8-82b1-1a1ec31d436f","bb7e1ec4-e003-4ed8-82b1-1a1ec31d436f","ece913e0-ebed-4674-b6b2-e5a772b6637b","ece913e0-ebed-4674-b6b2-e5a772b6637b","sof-elk","sof-elk",filebeat,filebeat,"9.1.5","9.1.5","8.0.0","8.0.0","10.10.16.46 - - [14/Feb/2026:07:20:17 +0000] ""OPTIONS / HTTP/1.1"" 405 166 ""-"" ""Mozilla/5.0 (compatible; Nmap Scripting Engine; https://nmap.org/book/nse.html)""","10.10.16.46 - - [14/Feb/2026:07:20:17 +0000] ""OPTIONS / HTTP/1.1"" 405 166 ""-"" ""Mozilla/5.0 (compatible; Nmap Scripting Engine; https://nmap.org/book/nse.html)""",filestream,filestream,syslog,syslog,"64,513",cde16b666e044aa70d9bb73d67b438d41d7dfc8fb60fa7d49061e44c9a7c1f1f,cde16b666e044aa70d9bb73d67b438d41d7dfc8fb60fa7d49061e44c9a7c1f1f,"5,636,113","/logstash/syslog/access.log","/logstash/syslog/access.log","4,346","-","-","10.10.16.46","10.10.16.46","- [14/Feb/2026:07:20:17 +0000] ""OPTIONS / HTTP/1.1"" 405 166 ""-"" ""Mozilla/5.0 (compatible; Nmap Scripting Engine; https://nmap.org/book/nse.html)""","- [14/Feb/2026:07:20:17 +0000] ""OPTIONS / HTTP/1.1"" 405 166 ""-"" ""Mozilla/5.0 (compatible; Nmap Scripting Engine; https://nmap.org/book/nse.html)""",logstash,"filebeat: /logstash/syslog/access.log","0.992","process_archive, filebeat, beats_input_codec_plain_applied, _grokparsefailure_1100-01, _grokparsefail_6018-01","process_archive, filebeat, beats_input_codec_plain_applied, _grokparsefailure_1100-01, _grokparsefail_6018-01"
"2026-02-14 08:44:34.866 +00:00",1,"UHRSW5wBjj3VEg7fxJ_D","-","logstash-2026.02","-","bb7e1ec4-e003-4ed8-82b1-1a1ec31d436f","bb7e1ec4-e003-4ed8-82b1-1a1ec31d436f","ece913e0-ebed-4674-b6b2-e5a772b6637b","ece913e0-ebed-4674-b6b2-e5a772b6637b","sof-elk","sof-elk",filebeat,filebeat,"9.1.5","9.1.5","8.0.0","8.0.0","10.10.16.46 - - [14/Feb/2026:07:20:14 +0000] ""OPTIONS / HTTP/1.1"" 405 166 ""-"" ""Mozilla/5.0 (compatible; Nmap Scripting Engine; https://nmap.org/book/nse.html)""","10.10.16.46 - - [14/Feb/2026:07:20:14 +0000] ""OPTIONS / HTTP/1.1"" 405 166 ""-"" ""Mozilla/5.0 (compatible; Nmap Scripting Engine; https://nmap.org/book/nse.html)""",filestream,filestream,syslog,syslog,"64,513",cde16b666e044aa70d9bb73d67b438d41d7dfc8fb60fa7d49061e44c9a7c1f1f,cde16b666e044aa70d9bb73d67b438d41d7dfc8fb60fa7d49061e44c9a7c1f1f,"5,636,113","/logstash/syslog/access.log","/logstash/syslog/access.log","1,043","-","-","10.10.16.46","10.10.16.46","- [14/Feb/2026:07:20:14 +0000] ""OPTIONS / HTTP/1.1"" 405 166 ""-"" ""Mozilla/5.0 (compatible; Nmap Scripting Engine; https://nmap.org/book/nse.html)""","- [14/Feb/2026:07:20:14 +0000] ""OPTIONS / HTTP/1.1"" 405 166 ""-"" ""Mozilla/5.0 (compatible; Nmap Scripting Engine; https://nmap.org/book/nse.html)""",logstash,"filebeat: /logstash/syslog/access.log","1.012","process_archive, filebeat, beats_input_codec_plain_applied, _grokparsefailure_1100-01, _grokparsefail_6018-01","process_archive, filebeat, beats_input_codec_plain_applied, _grokparsefailure_1100-01, _grokparsefail_6018-01"
"2026-02-14 08:44:34.866 +00:00",1,"UXRSW5wBjj3VEg7fxJ_D","-","logstash-2026.02","-","bb7e1ec4-e003-4ed8-82b1-1a1ec31d436f","bb7e1ec4-e003-4ed8-82b1-1a1ec31d436f","ece913e0-ebed-4674-b6b2-e5a772b6637b","ece913e0-ebed-4674-b6b2-e5a772b6637b","sof-elk","sof-elk",filebeat,filebeat,"9.1.5","9.1.5","8.0.0","8.0.0","10.10.16.46 - - [14/Feb/2026:07:20:14 +0000] ""POST /sdk HTTP/1.1"" 404 162 ""-"" ""Mozilla/5.0 (compatible; Nmap Scripting Engine; https://nmap.org/book/nse.html)""","10.10.16.46 - - [14/Feb/2026:07:20:14 +0000] ""POST /sdk HTTP/1.1"" 404 162 ""-"" ""Mozilla/5.0 (compatible; Nmap Scripting Engine; https://nmap.org/book/nse.html)""",filestream,filestream,syslog,syslog,"64,513",cde16b666e044aa70d9bb73d67b438d41d7dfc8fb60fa7d49061e44c9a7c1f1f,cde16b666e044aa70d9bb73d67b438d41d7dfc8fb60fa7d49061e44c9a7c1f1f,"5,636,113","/logstash/syslog/access.log","/logstash/syslog/access.log","1,628","-","-","10.10.16.46","10.10.16.46","- [14/Feb/2026:07:20:14 +0000] ""POST /sdk HTTP/1.1"" 404 162 ""-"" ""Mozilla/5.0 (compatible; Nmap Scripting Engine; https://nmap.org/book/nse.html)""","- [14/Feb/2026:07:20:14 +0000] ""POST /sdk HTTP/1.1"" 404 162 ""-"" ""Mozilla/5.0 (compatible; Nmap Scripting Engine; https://nmap.org/book/nse.html)""",logstash,"filebeat: /logstash/syslog/access.log","1.012","process_archive, filebeat, beats_input_codec_plain_applied, _grokparsefailure_1100-01, _grokparsefail_6018-01","process_archive, filebeat, beats_input_codec_plain_applied, _grokparsefailure_1100-01, _grokparsefail_6018-01"
"2026-02-14 08:44:34.866 +00:00",1,"U3RSW5wBjj3VEg7fxJ_D","-","logstash-2026.02","-","bb7e1ec4-e003-4ed8-82b1-1a1ec31d436f","bb7e1ec4-e003-4ed8-82b1-1a1ec31d436f","ece913e0-ebed-4674-b6b2-e5a772b6637b","ece913e0-ebed-4674-b6b2-e5a772b6637b","sof-elk","sof-elk",filebeat,filebeat,"9.1.5","9.1.5","8.0.0","8.0.0","10.10.16.46 - - [14/Feb/2026:07:20:14 +0000] ""GET /evox/about HTTP/1.1"" 404 162 ""-"" ""Mozilla/5.0 (compatible; Nmap Scripting Engine; https://nmap.org/book/nse.html)""","10.10.16.46 - - [14/Feb/2026:07:20:14 +0000] ""GET /evox/about HTTP/1.1"" 404 162 ""-"" ""Mozilla/5.0 (compatible; Nmap Scripting Engine; https://nmap.org/book/nse.html)""",filestream,filestream,syslog,syslog,"64,513",cde16b666e044aa70d9bb73d67b438d41d7dfc8fb60fa7d49061e44c9a7c1f1f,cde16b666e044aa70d9bb73d67b438d41d7dfc8fb60fa7d49061e44c9a7c1f1f,"5,636,113","/logstash/syslog/access.log","/logstash/syslog/access.log","2,266","-","-","10.10.16.46","10.10.16.46","- [14/Feb/2026:07:20:14 +0000] ""GET /evox/about HTTP/1.1"" 404 162 ""-"" ""Mozilla/5.0 (compatible; Nmap Scripting Engine; https://nmap.org/book/nse.html)""","- [14/Feb/2026:07:20:14 +0000] ""GET /evox/about HTTP/1.1"" 404 162 ""-"" ""Mozilla/5.0 (compatible; Nmap Scripting Engine; https://nmap.org/book/nse.html)""",logstash,"filebeat: /logstash/syslog/access.log","1.012","process_archive, filebeat, beats_input_codec_plain_applied, _grokparsefailure_1100-01, _grokparsefail_6018-01","process_archive, filebeat, beats_input_codec_plain_applied, _grokparsefailure_1100-01, _grokparsefail_6018-01"
"2026-02-14 08:44:34.866 +00:00",1,"VXRSW5wBjj3VEg7fxJ_D","-","logstash-2026.02","-","bb7e1ec4-e003-4ed8-82b1-1a1ec31d436f","bb7e1ec4-e003-4ed8-82b1-1a1ec31d436f","ece913e0-ebed-4674-b6b2-e5a772b6637b","ece913e0-ebed-4674-b6b2-e5a772b6637b","sof-elk","sof-elk",filebeat,filebeat,"9.1.5","9.1.5","8.0.0","8.0.0","10.10.16.46 - - [14/Feb/2026:07:20:15 +0000] ""GET /favicon.ico HTTP/1.1"" 404 162 ""-"" ""Mozilla/5.0 (compatible; Nmap Scripting Engine; https://nmap.org/book/nse.html)""","10.10.16.46 - - [14/Feb/2026:07:20:15 +0000] ""GET /favicon.ico HTTP/1.1"" 404 162 ""-"" ""Mozilla/5.0 (compatible; Nmap Scripting Engine; https://nmap.org/book/nse.html)""",filestream,filestream,syslog,syslog,"64,513",cde16b666e044aa70d9bb73d67b438d41d7dfc8fb60fa7d49061e44c9a7c1f1f,cde16b666e044aa70d9bb73d67b438d41d7dfc8fb60fa7d49061e44c9a7c1f1f,"5,636,113","/logstash/syslog/access.log","/logstash/syslog/access.log","2,910","-","-","10.10.16.46","10.10.16.46","- [14/Feb/2026:07:20:15 +0000] ""GET /favicon.ico HTTP/1.1"" 404 162 ""-"" ""Mozilla/5.0 (compatible; Nmap Scripting Engine; https://nmap.org/book/nse.html)""","- [14/Feb/2026:07:20:15 +0000] ""GET /favicon.ico HTTP/1.1"" 404 162 ""-"" ""Mozilla/5.0 (compatible; Nmap Scripting Engine; https://nmap.org/book/nse.html)""",logstash,"filebeat: /logstash/syslog/access.log","1.012","process_archive, filebeat, beats_input_codec_plain_applied, _grokparsefailure_1100-01, _grokparsefail_6018-01","process_archive, filebeat, beats_input_codec_plain_applied, _grokparsefailure_1100-01, _grokparsefail_6018-01"
"2026-02-14 08:44:34.866 +00:00",1,"XnRSW5wBjj3VEg7fxJ_D","-","logstash-2026.02","-","bb7e1ec4-e003-4ed8-82b1-1a1ec31d436f","bb7e1ec4-e003-4ed8-82b1-1a1ec31d436f","ece913e0-ebed-4674-b6b2-e5a772b6637b","ece913e0-ebed-4674-b6b2-e5a772b6637b","sof-elk","sof-elk",filebeat,filebeat,"9.1.5","9.1.5","8.0.0","8.0.0","10.10.16.46 - - [14/Feb/2026:07:20:52 +0000] ""GET / HTTP/1.1"" 200 2269 ""-"" ""Mozilla/5.0 (X11; Linux x86_64) AppleWebKit/537.36 (KHTML, like Gecko) Chrome/144.0.0.0 Safari/537.36""","10.10.16.46 - - [14/Feb/2026:07:20:52 +0000] ""GET / HTTP/1.1"" 200 2269 ""-"" ""Mozilla/5.0 (X11; Linux x86_64) AppleWebKit/537.36 (KHTML, like Gecko) Chrome/144.0.0.0 Safari/537.36""",filestream,filestream,syslog,syslog,"64,513",cde16b666e044aa70d9bb73d67b438d41d7dfc8fb60fa7d49061e44c9a7c1f1f,cde16b666e044aa70d9bb73d67b438d41d7dfc8fb60fa7d49061e44c9a7c1f1f,"5,636,113","/logstash/syslog/access.log","/logstash/syslog/access.log","4,824","-","-","10.10.16.46","10.10.16.46","- [14/Feb/2026:07:20:52 +0000] ""GET / HTTP/1.1"" 200 2269 ""-"" ""Mozilla/5.0 (X11; Linux x86_64) AppleWebKit/537.36 (KHTML, like Gecko) Chrome/144.0.0.0 Safari/537.36""","- [14/Feb/2026:07:20:52 +0000] ""GET / HTTP/1.1"" 200 2269 ""-"" ""Mozilla/5.0 (X11; Linux x86_64) AppleWebKit/537.36 (KHTML, like Gecko) Chrome/144.0.0.0 Safari/537.36""",logstash,"filebeat: /logstash/syslog/access.log","1.013","process_archive, filebeat, beats_input_codec_plain_applied, _grokparsefailure_1100-01, _grokparsefail_6018-01","process_archive, filebeat, beats_input_codec_plain_applied, _grokparsefailure_1100-01, _grokparsefail_6018-01"
"2026-02-14 08:44:34.866 +00:00",1,cHRSW5wBjj3VEg7fxKDE,"-","logstash-2026.02","-","bb7e1ec4-e003-4ed8-82b1-1a1ec31d436f","bb7e1ec4-e003-4ed8-82b1-1a1ec31d436f","ece913e0-ebed-4674-b6b2-e5a772b6637b","ece913e0-ebed-4674-b6b2-e5a772b6637b","sof-elk","sof-elk",filebeat,filebeat,"9.1.5","9.1.5","8.0.0","8.0.0","10.10.16.46 - - [14/Feb/2026:07:20:16 +0000] ""OPTIONS / HTTP/1.1"" 405 166 ""-"" ""Mozilla/5.0 (compatible; Nmap Scripting Engine; https://nmap.org/book/nse.html)""","10.10.16.46 - - [14/Feb/2026:07:20:16 +0000] ""OPTIONS / HTTP/1.1"" 405 166 ""-"" ""Mozilla/5.0 (compatible; Nmap Scripting Engine; https://nmap.org/book/nse.html)""",filestream,filestream,syslog,syslog,"64,513",cde16b666e044aa70d9bb73d67b438d41d7dfc8fb60fa7d49061e44c9a7c1f1f,cde16b666e044aa70d9bb73d67b438d41d7dfc8fb60fa7d49061e44c9a7c1f1f,"5,636,113","/logstash/syslog/access.log","/logstash/syslog/access.log","4,026","-","-","10.10.16.46","10.10.16.46","- [14/Feb/2026:07:20:16 +0000] ""OPTIONS / HTTP/1.1"" 405 166 ""-"" ""Mozilla/5.0 (compatible; Nmap Scripting Engine; https://nmap.org/book/nse.html)""","- [14/Feb/2026:07:20:16 +0000] ""OPTIONS / HTTP/1.1"" 405 166 ""-"" ""Mozilla/5.0 (compatible; Nmap Scripting Engine; https://nmap.org/book/nse.html)""",logstash,"filebeat: /logstash/syslog/access.log","0.914","process_archive, filebeat, beats_input_codec_plain_applied, _grokparsefailure_1100-01, _grokparsefail_6018-01","process_archive, filebeat, beats_input_codec_plain_applied, _grokparsefailure_1100-01, _grokparsefail_6018-01"
"2026-02-14 08:44:34.866 +00:00",1,"SnRSW5wBjj3VEg7fxJ_D","-","logstash-2026.02","-","bb7e1ec4-e003-4ed8-82b1-1a1ec31d436f","bb7e1ec4-e003-4ed8-82b1-1a1ec31d436f","ece913e0-ebed-4674-b6b2-e5a772b6637b","ece913e0-ebed-4674-b6b2-e5a772b6637b","sof-elk","sof-elk",filebeat,filebeat,"9.1.5","9.1.5","8.0.0","8.0.0","10.10.16.46 - - [14/Feb/2026:07:20:14 +0000] ""PROPFIND / HTTP/1.1"" 405 166 ""-"" ""Mozilla/5.0 (compatible; Nmap Scripting Engine; https://nmap.org/book/nse.html)""","10.10.16.46 - - [14/Feb/2026:07:20:14 +0000] ""PROPFIND / HTTP/1.1"" 405 166 ""-"" ""Mozilla/5.0 (compatible; Nmap Scripting Engine; https://nmap.org/book/nse.html)""",filestream,filestream,syslog,syslog,"64,513",cde16b666e044aa70d9bb73d67b438d41d7dfc8fb60fa7d49061e44c9a7c1f1f,cde16b666e044aa70d9bb73d67b438d41d7dfc8fb60fa7d49061e44c9a7c1f1f,"5,636,113","/logstash/syslog/access.log","/logstash/syslog/access.log",557,"-","-","10.10.16.46","10.10.16.46","- [14/Feb/2026:07:20:14 +0000] ""PROPFIND / HTTP/1.1"" 405 166 ""-"" ""Mozilla/5.0 (compatible; Nmap Scripting Engine; https://nmap.org/book/nse.html)""","- [14/Feb/2026:07:20:14 +0000] ""PROPFIND / HTTP/1.1"" 405 166 ""-"" ""Mozilla/5.0 (compatible; Nmap Scripting Engine; https://nmap.org/book/nse.html)""",logstash,"filebeat: /logstash/syslog/access.log","1.012","process_archive, filebeat, beats_input_codec_plain_applied, _grokparsefailure_1100-01, _grokparsefail_6018-01","process_archive, filebeat, beats_input_codec_plain_applied, _grokparsefailure_1100-01, _grokparsefail_6018-01"
"2026-02-14 08:44:34.866 +00:00",1,"V3RSW5wBjj3VEg7fxJ_D","-","logstash-2026.02","-","bb7e1ec4-e003-4ed8-82b1-1a1ec31d436f","bb7e1ec4-e003-4ed8-82b1-1a1ec31d436f","ece913e0-ebed-4674-b6b2-e5a772b6637b","ece913e0-ebed-4674-b6b2-e5a772b6637b","sof-elk","sof-elk",filebeat,filebeat,"9.1.5","9.1.5","8.0.0","8.0.0","10.10.16.46 - - [14/Feb/2026:07:20:15 +0000] ""OPTIONS / HTTP/1.1"" 405 166 ""-"" ""Mozilla/5.0 (compatible; Nmap Scripting Engine; https://nmap.org/book/nse.html)""","10.10.16.46 - - [14/Feb/2026:07:20:15 +0000] ""OPTIONS / HTTP/1.1"" 405 166 ""-"" ""Mozilla/5.0 (compatible; Nmap Scripting Engine; https://nmap.org/book/nse.html)""",filestream,filestream,syslog,syslog,"64,513",cde16b666e044aa70d9bb73d67b438d41d7dfc8fb60fa7d49061e44c9a7c1f1f,cde16b666e044aa70d9bb73d67b438d41d7dfc8fb60fa7d49061e44c9a7c1f1f,"5,636,113","/logstash/syslog/access.log","/logstash/syslog/access.log","3,549","-","-","10.10.16.46","10.10.16.46","- [14/Feb/2026:07:20:15 +0000] ""OPTIONS / HTTP/1.1"" 405 166 ""-"" ""Mozilla/5.0 (compatible; Nmap Scripting Engine; https://nmap.org/book/nse.html)""","- [14/Feb/2026:07:20:15 +0000] ""OPTIONS / HTTP/1.1"" 405 166 ""-"" ""Mozilla/5.0 (compatible; Nmap Scripting Engine; https://nmap.org/book/nse.html)""",logstash,"filebeat: /logstash/syslog/access.log","1.012","process_archive, filebeat, beats_input_codec_plain_applied, _grokparsefailure_1100-01, _grokparsefail_6018-01","process_archive, filebeat, beats_input_codec_plain_applied, _grokparsefailure_1100-01, _grokparsefail_6018-01"
"2026-02-14 08:44:34.866 +00:00",1,"WXRSW5wBjj3VEg7fxJ_D","-","logstash-2026.02","-","bb7e1ec4-e003-4ed8-82b1-1a1ec31d436f","bb7e1ec4-e003-4ed8-82b1-1a1ec31d436f","ece913e0-ebed-4674-b6b2-e5a772b6637b","ece913e0-ebed-4674-b6b2-e5a772b6637b","sof-elk","sof-elk",filebeat,filebeat,"9.1.5","9.1.5","8.0.0","8.0.0","10.10.16.46 - - [14/Feb/2026:07:20:15 +0000] ""POST / HTTP/1.1"" 405 166 ""-"" ""Mozilla/5.0 (compatible; Nmap Scripting Engine; https://nmap.org/book/nse.html)""","10.10.16.46 - - [14/Feb/2026:07:20:15 +0000] ""POST / HTTP/1.1"" 405 166 ""-"" ""Mozilla/5.0 (compatible; Nmap Scripting Engine; https://nmap.org/book/nse.html)""",filestream,filestream,syslog,syslog,"64,513",cde16b666e044aa70d9bb73d67b438d41d7dfc8fb60fa7d49061e44c9a7c1f1f,cde16b666e044aa70d9bb73d67b438d41d7dfc8fb60fa7d49061e44c9a7c1f1f,"5,636,113","/logstash/syslog/access.log","/logstash/syslog/access.log","3,709","-","-","10.10.16.46","10.10.16.46","- [14/Feb/2026:07:20:15 +0000] ""POST / HTTP/1.1"" 405 166 ""-"" ""Mozilla/5.0 (compatible; Nmap Scripting Engine; https://nmap.org/book/nse.html)""","- [14/Feb/2026:07:20:15 +0000] ""POST / HTTP/1.1"" 405 166 ""-"" ""Mozilla/5.0 (compatible; Nmap Scripting Engine; https://nmap.org/book/nse.html)""",logstash,"filebeat: /logstash/syslog/access.log","1.013","process_archive, filebeat, beats_input_codec_plain_applied, _grokparsefailure_1100-01, _grokparsefail_6018-01","process_archive, filebeat, beats_input_codec_plain_applied, _grokparsefailure_1100-01, _grokparsefail_6018-01"
"2026-02-14 08:44:34.866 +00:00",1,"WnRSW5wBjj3VEg7fxJ_D","-","logstash-2026.02","-","bb7e1ec4-e003-4ed8-82b1-1a1ec31d436f","bb7e1ec4-e003-4ed8-82b1-1a1ec31d436f","ece913e0-ebed-4674-b6b2-e5a772b6637b","ece913e0-ebed-4674-b6b2-e5a772b6637b","sof-elk","sof-elk",filebeat,filebeat,"9.1.5","9.1.5","8.0.0","8.0.0","10.10.16.46 - - [14/Feb/2026:07:20:16 +0000] ""OPTIONS / HTTP/1.1"" 405 166 ""-"" ""Mozilla/5.0 (compatible; Nmap Scripting Engine; https://nmap.org/book/nse.html)""","10.10.16.46 - - [14/Feb/2026:07:20:16 +0000] ""OPTIONS / HTTP/1.1"" 405 166 ""-"" ""Mozilla/5.0 (compatible; Nmap Scripting Engine; https://nmap.org/book/nse.html)""",filestream,filestream,syslog,syslog,"64,513",cde16b666e044aa70d9bb73d67b438d41d7dfc8fb60fa7d49061e44c9a7c1f1f,cde16b666e044aa70d9bb73d67b438d41d7dfc8fb60fa7d49061e44c9a7c1f1f,"5,636,113","/logstash/syslog/access.log","/logstash/syslog/access.log","4,186","-","-","10.10.16.46","10.10.16.46","- [14/Feb/2026:07:20:16 +0000] ""OPTIONS / HTTP/1.1"" 405 166 ""-"" ""Mozilla/5.0 (compatible; Nmap Scripting Engine; https://nmap.org/book/nse.html)""","- [14/Feb/2026:07:20:16 +0000] ""OPTIONS / HTTP/1.1"" 405 166 ""-"" ""Mozilla/5.0 (compatible; Nmap Scripting Engine; https://nmap.org/book/nse.html)""",logstash,"filebeat: /logstash/syslog/access.log","1.013","process_archive, filebeat, beats_input_codec_plain_applied, _grokparsefailure_1100-01, _grokparsefail_6018-01","process_archive, filebeat, beats_input_codec_plain_applied, _grokparsefailure_1100-01, _grokparsefail_6018-01"
"2026-02-14 08:44:34.866 +00:00",1,"XHRSW5wBjj3VEg7fxJ_D","-","logstash-2026.02","-","bb7e1ec4-e003-4ed8-82b1-1a1ec31d436f","bb7e1ec4-e003-4ed8-82b1-1a1ec31d436f","ece913e0-ebed-4674-b6b2-e5a772b6637b","ece913e0-ebed-4674-b6b2-e5a772b6637b","sof-elk","sof-elk",filebeat,filebeat,"9.1.5","9.1.5","8.0.0","8.0.0","10.10.16.46 - - [14/Feb/2026:07:20:20 +0000] ""GET / HTTP/1.1"" 200 6708 ""-"" ""-""","10.10.16.46 - - [14/Feb/2026:07:20:20 +0000] ""GET / HTTP/1.1"" 200 6708 ""-"" ""-""",filestream,filestream,syslog,syslog,"64,513",cde16b666e044aa70d9bb73d67b438d41d7dfc8fb60fa7d49061e44c9a7c1f1f,cde16b666e044aa70d9bb73d67b438d41d7dfc8fb60fa7d49061e44c9a7c1f1f,"5,636,113","/logstash/syslog/access.log","/logstash/syslog/access.log","4,745","-","-","10.10.16.46","10.10.16.46","- [14/Feb/2026:07:20:20 +0000] ""GET / HTTP/1.1"" 200 6708 ""-"" ""-""","- [14/Feb/2026:07:20:20 +0000] ""GET / HTTP/1.1"" 200 6708 ""-"" ""-""",logstash,"filebeat: /logstash/syslog/access.log","1.013","process_archive, filebeat, beats_input_codec_plain_applied, _grokparsefailure_1100-01, _grokparsefail_6018-01","process_archive, filebeat, beats_input_codec_plain_applied, _grokparsefailure_1100-01, _grokparsefail_6018-01"
"2026-02-14 08:44:34.866 +00:00",1,"7nRSW5wBjj3VEg7fxJ_D","-","logstash-2026.02","-","bb7e1ec4-e003-4ed8-82b1-1a1ec31d436f","bb7e1ec4-e003-4ed8-82b1-1a1ec31d436f","ece913e0-ebed-4674-b6b2-e5a772b6637b","ece913e0-ebed-4674-b6b2-e5a772b6637b","sof-elk","sof-elk",filebeat,filebeat,"9.1.5","9.1.5","8.0.0","8.0.0","10.10.16.46 - - [14/Feb/2026:07:20:14 +0000] ""OPTIONS / HTTP/1.1"" 405 166 ""-"" ""Mozilla/5.0 (compatible; Nmap Scripting Engine; https://nmap.org/book/nse.html)""","10.10.16.46 - - [14/Feb/2026:07:20:14 +0000] ""OPTIONS / HTTP/1.1"" 405 166 ""-"" ""Mozilla/5.0 (compatible; Nmap Scripting Engine; https://nmap.org/book/nse.html)""",filestream,filestream,syslog,syslog,"64,513",cde16b666e044aa70d9bb73d67b438d41d7dfc8fb60fa7d49061e44c9a7c1f1f,cde16b666e044aa70d9bb73d67b438d41d7dfc8fb60fa7d49061e44c9a7c1f1f,"5,636,113","/logstash/syslog/access.log","/logstash/syslog/access.log",79,"-","-","10.10.16.46","10.10.16.46","- [14/Feb/2026:07:20:14 +0000] ""OPTIONS / HTTP/1.1"" 405 166 ""-"" ""Mozilla/5.0 (compatible; Nmap Scripting Engine; https://nmap.org/book/nse.html)""","- [14/Feb/2026:07:20:14 +0000] ""OPTIONS / HTTP/1.1"" 405 166 ""-"" ""Mozilla/5.0 (compatible; Nmap Scripting Engine; https://nmap.org/book/nse.html)""",logstash,"filebeat: /logstash/syslog/access.log","1.078","process_archive, filebeat, beats_input_codec_plain_applied, _grokparsefailure_1100-01, _grokparsefail_6018-01","process_archive, filebeat, beats_input_codec_plain_applied, _grokparsefailure_1100-01, _grokparsefail_6018-01"
"2026-02-14 08:44:34.866 +00:00",1,"73RSW5wBjj3VEg7fxJ_D","-","logstash-2026.02","-","bb7e1ec4-e003-4ed8-82b1-1a1ec31d436f","bb7e1ec4-e003-4ed8-82b1-1a1ec31d436f","ece913e0-ebed-4674-b6b2-e5a772b6637b","ece913e0-ebed-4674-b6b2-e5a772b6637b","sof-elk","sof-elk",filebeat,filebeat,"9.1.5","9.1.5","8.0.0","8.0.0","10.10.16.46 - - [14/Feb/2026:07:20:14 +0000] ""PROPFIND / HTTP/1.1"" 405 166 ""-"" ""Mozilla/5.0 (compatible; Nmap Scripting Engine; https://nmap.org/book/nse.html)""","10.10.16.46 - - [14/Feb/2026:07:20:14 +0000] ""PROPFIND / HTTP/1.1"" 405 166 ""-"" ""Mozilla/5.0 (compatible; Nmap Scripting Engine; https://nmap.org/book/nse.html)""",filestream,filestream,syslog,syslog,"64,513",cde16b666e044aa70d9bb73d67b438d41d7dfc8fb60fa7d49061e44c9a7c1f1f,cde16b666e044aa70d9bb73d67b438d41d7dfc8fb60fa7d49061e44c9a7c1f1f,"5,636,113","/logstash/syslog/access.log","/logstash/syslog/access.log",239,"-","-","10.10.16.46","10.10.16.46","- [14/Feb/2026:07:20:14 +0000] ""PROPFIND / HTTP/1.1"" 405 166 ""-"" ""Mozilla/5.0 (compatible; Nmap Scripting Engine; https://nmap.org/book/nse.html)""","- [14/Feb/2026:07:20:14 +0000] ""PROPFIND / HTTP/1.1"" 405 166 ""-"" ""Mozilla/5.0 (compatible; Nmap Scripting Engine; https://nmap.org/book/nse.html)""",logstash,"filebeat: /logstash/syslog/access.log","1.074","process_archive, filebeat, beats_input_codec_plain_applied, _grokparsefailure_1100-01, _grokparsefail_6018-01","process_archive, filebeat, beats_input_codec_plain_applied, _grokparsefailure_1100-01, _grokparsefail_6018-01"
"2026-02-14 08:44:34.866 +00:00",1,bnRSW5wBjj3VEg7fxKDE,"-","logstash-2026.02","-","bb7e1ec4-e003-4ed8-82b1-1a1ec31d436f","bb7e1ec4-e003-4ed8-82b1-1a1ec31d436f","ece913e0-ebed-4674-b6b2-e5a772b6637b","ece913e0-ebed-4674-b6b2-e5a772b6637b","sof-elk","sof-elk",filebeat,filebeat,"9.1.5","9.1.5","8.0.0","8.0.0","10.10.16.46 - - [14/Feb/2026:07:20:15 +0000] ""OPTIONS / HTTP/1.1"" 405 166 ""-"" ""Mozilla/5.0 (compatible; Nmap Scripting Engine; https://nmap.org/book/nse.html)""","10.10.16.46 - - [14/Feb/2026:07:20:15 +0000] ""OPTIONS / HTTP/1.1"" 405 166 ""-"" ""Mozilla/5.0 (compatible; Nmap Scripting Engine; https://nmap.org/book/nse.html)""",filestream,filestream,syslog,syslog,"64,513",cde16b666e044aa70d9bb73d67b438d41d7dfc8fb60fa7d49061e44c9a7c1f1f,cde16b666e044aa70d9bb73d67b438d41d7dfc8fb60fa7d49061e44c9a7c1f1f,"5,636,113","/logstash/syslog/access.log","/logstash/syslog/access.log","2,750","-","-","10.10.16.46","10.10.16.46","- [14/Feb/2026:07:20:15 +0000] ""OPTIONS / HTTP/1.1"" 405 166 ""-"" ""Mozilla/5.0 (compatible; Nmap Scripting Engine; https://nmap.org/book/nse.html)""","- [14/Feb/2026:07:20:15 +0000] ""OPTIONS / HTTP/1.1"" 405 166 ""-"" ""Mozilla/5.0 (compatible; Nmap Scripting Engine; https://nmap.org/book/nse.html)""",logstash,"filebeat: /logstash/syslog/access.log","0.914","process_archive, filebeat, beats_input_codec_plain_applied, _grokparsefailure_1100-01, _grokparsefail_6018-01","process_archive, filebeat, beats_input_codec_plain_applied, _grokparsefailure_1100-01, _grokparsefail_6018-01"
"2026-02-14 08:44:34.866 +00:00",1,b3RSW5wBjj3VEg7fxKDE,"-","logstash-2026.02","-","bb7e1ec4-e003-4ed8-82b1-1a1ec31d436f","bb7e1ec4-e003-4ed8-82b1-1a1ec31d436f","ece913e0-ebed-4674-b6b2-e5a772b6637b","ece913e0-ebed-4674-b6b2-e5a772b6637b","sof-elk","sof-elk",filebeat,filebeat,"9.1.5","9.1.5","8.0.0","8.0.0","10.10.16.46 - - [14/Feb/2026:07:20:15 +0000] ""HEAD / HTTP/1.1"" 200 0 ""-"" ""Mozilla/5.0 (compatible; Nmap Scripting Engine; https://nmap.org/book/nse.html)""","10.10.16.46 - - [14/Feb/2026:07:20:15 +0000] ""HEAD / HTTP/1.1"" 200 0 ""-"" ""Mozilla/5.0 (compatible; Nmap Scripting Engine; https://nmap.org/book/nse.html)""",filestream,filestream,syslog,syslog,"64,513",cde16b666e044aa70d9bb73d67b438d41d7dfc8fb60fa7d49061e44c9a7c1f1f,cde16b666e044aa70d9bb73d67b438d41d7dfc8fb60fa7d49061e44c9a7c1f1f,"5,636,113","/logstash/syslog/access.log","/logstash/syslog/access.log","3,394","-","-","10.10.16.46","10.10.16.46","- [14/Feb/2026:07:20:15 +0000] ""HEAD / HTTP/1.1"" 200 0 ""-"" ""Mozilla/5.0 (compatible; Nmap Scripting Engine; https://nmap.org/book/nse.html)""","- [14/Feb/2026:07:20:15 +0000] ""HEAD / HTTP/1.1"" 200 0 ""-"" ""Mozilla/5.0 (compatible; Nmap Scripting Engine; https://nmap.org/book/nse.html)""",logstash,"filebeat: /logstash/syslog/access.log","0.914","process_archive, filebeat, beats_input_codec_plain_applied, _grokparsefailure_1100-01, _grokparsefail_6018-01","process_archive, filebeat, beats_input_codec_plain_applied, _grokparsefailure_1100-01, _grokparsefail_6018-01"
"2026-02-14 08:44:34.866 +00:00",1,"SHRSW5wBjj3VEg7fxJ_D","-","logstash-2026.02","-","bb7e1ec4-e003-4ed8-82b1-1a1ec31d436f","bb7e1ec4-e003-4ed8-82b1-1a1ec31d436f","ece913e0-ebed-4674-b6b2-e5a772b6637b","ece913e0-ebed-4674-b6b2-e5a772b6637b","sof-elk","sof-elk",filebeat,filebeat,"9.1.5","9.1.5","8.0.0","8.0.0","10.10.16.46 - - [14/Feb/2026:07:20:14 +0000] ""GET / HTTP/1.1"" 200 6708 ""-"" ""Mozilla/5.0 (compatible; Nmap Scripting Engine; https://nmap.org/book/nse.html)""","10.10.16.46 - - [14/Feb/2026:07:20:14 +0000] ""GET / HTTP/1.1"" 200 6708 ""-"" ""Mozilla/5.0 (compatible; Nmap Scripting Engine; https://nmap.org/book/nse.html)""",filestream,filestream,syslog,syslog,"64,513",cde16b666e044aa70d9bb73d67b438d41d7dfc8fb60fa7d49061e44c9a7c1f1f,cde16b666e044aa70d9bb73d67b438d41d7dfc8fb60fa7d49061e44c9a7c1f1f,"5,636,113","/logstash/syslog/access.log","/logstash/syslog/access.log",400,"-","-","10.10.16.46","10.10.16.46","- [14/Feb/2026:07:20:14 +0000] ""GET / HTTP/1.1"" 200 6708 ""-"" ""Mozilla/5.0 (compatible; Nmap Scripting Engine; https://nmap.org/book/nse.html)""","- [14/Feb/2026:07:20:14 +0000] ""GET / HTTP/1.1"" 200 6708 ""-"" ""Mozilla/5.0 (compatible; Nmap Scripting Engine; https://nmap.org/book/nse.html)""",logstash,"filebeat: /logstash/syslog/access.log","1.012","process_archive, filebeat, beats_input_codec_plain_applied, _grokparsefailure_1100-01, _grokparsefail_6018-01","process_archive, filebeat, beats_input_codec_plain_applied, _grokparsefailure_1100-01, _grokparsefail_6018-01"
"2026-02-14 08:44:34.866 +00:00",1,cXRSW5wBjj3VEg7fxKDE,"-","logstash-2026.02","-","bb7e1ec4-e003-4ed8-82b1-1a1ec31d436f","bb7e1ec4-e003-4ed8-82b1-1a1ec31d436f","ece913e0-ebed-4674-b6b2-e5a772b6637b","ece913e0-ebed-4674-b6b2-e5a772b6637b","sof-elk","sof-elk",filebeat,filebeat,"9.1.5","9.1.5","8.0.0","8.0.0","10.10.16.46 - - [14/Feb/2026:07:20:20 +0000] ""GET / HTTP/1.0"" 200 6708 ""-"" ""-""","10.10.16.46 - - [14/Feb/2026:07:20:20 +0000] ""GET / HTTP/1.0"" 200 6708 ""-"" ""-""",filestream,filestream,syslog,syslog,"64,513",cde16b666e044aa70d9bb73d67b438d41d7dfc8fb60fa7d49061e44c9a7c1f1f,cde16b666e044aa70d9bb73d67b438d41d7dfc8fb60fa7d49061e44c9a7c1f1f,"5,636,113","/logstash/syslog/access.log","/logstash/syslog/access.log","4,666","-","-","10.10.16.46","10.10.16.46","- [14/Feb/2026:07:20:20 +0000] ""GET / HTTP/1.0"" 200 6708 ""-"" ""-""","- [14/Feb/2026:07:20:20 +0000] ""GET / HTTP/1.0"" 200 6708 ""-"" ""-""",logstash,"filebeat: /logstash/syslog/access.log","0.914","process_archive, filebeat, beats_input_codec_plain_applied, _grokparsefailure_1100-01, _grokparsefail_6018-01","process_archive, filebeat, beats_input_codec_plain_applied, _grokparsefailure_1100-01, _grokparsefail_6018-01"
"2026-02-14 08:44:34.866 +00:00",1,"ZnRSW5wBjj3VEg7fxJ_D","-","logstash-2026.02","-","bb7e1ec4-e003-4ed8-82b1-1a1ec31d436f","bb7e1ec4-e003-4ed8-82b1-1a1ec31d436f","ece913e0-ebed-4674-b6b2-e5a772b6637b","ece913e0-ebed-4674-b6b2-e5a772b6637b","sof-elk","sof-elk",filebeat,filebeat,"9.1.5","9.1.5","8.0.0","8.0.0","10.10.16.46 - - [14/Feb/2026:07:20:14 +0000] ""GET / HTTP/1.0"" 200 6708 ""-"" ""-""","10.10.16.46 - - [14/Feb/2026:07:20:14 +0000] ""GET / HTTP/1.0"" 200 6708 ""-"" ""-""",filestream,filestream,syslog,syslog,"64,513",cde16b666e044aa70d9bb73d67b438d41d7dfc8fb60fa7d49061e44c9a7c1f1f,cde16b666e044aa70d9bb73d67b438d41d7dfc8fb60fa7d49061e44c9a7c1f1f,"5,636,113","/logstash/syslog/access.log","/logstash/syslog/access.log",0,"-","-","10.10.16.46","10.10.16.46","- [14/Feb/2026:07:20:14 +0000] ""GET / HTTP/1.0"" 200 6708 ""-"" ""-""","- [14/Feb/2026:07:20:14 +0000] ""GET / HTTP/1.0"" 200 6708 ""-"" ""-""",logstash,"filebeat: /logstash/syslog/access.log","0.991","process_archive, filebeat, beats_input_codec_plain_applied, _grokparsefailure_1100-01, _grokparsefail_6018-01","process_archive, filebeat, beats_input_codec_plain_applied, _grokparsefailure_1100-01, _grokparsefail_6018-01"
"2026-02-14 08:44:34.866 +00:00",1,"aHRSW5wBjj3VEg7fxJ_D","-","logstash-2026.02","-","bb7e1ec4-e003-4ed8-82b1-1a1ec31d436f","bb7e1ec4-e003-4ed8-82b1-1a1ec31d436f","ece913e0-ebed-4674-b6b2-e5a772b6637b","ece913e0-ebed-4674-b6b2-e5a772b6637b","sof-elk","sof-elk",filebeat,filebeat,"9.1.5","9.1.5","8.0.0","8.0.0","10.10.16.46 - - [14/Feb/2026:07:20:14 +0000] ""GET /nmaplowercheck1771053614 HTTP/1.1"" 404 162 ""-"" ""Mozilla/5.0 (compatible; Nmap Scripting Engine; https://nmap.org/book/nse.html)""","10.10.16.46 - - [14/Feb/2026:07:20:14 +0000] ""GET /nmaplowercheck1771053614 HTTP/1.1"" 404 162 ""-"" ""Mozilla/5.0 (compatible; Nmap Scripting Engine; https://nmap.org/book/nse.html)""",filestream,filestream,syslog,syslog,"64,513",cde16b666e044aa70d9bb73d67b438d41d7dfc8fb60fa7d49061e44c9a7c1f1f,cde16b666e044aa70d9bb73d67b438d41d7dfc8fb60fa7d49061e44c9a7c1f1f,"5,636,113","/logstash/syslog/access.log","/logstash/syslog/access.log","1,203","-","-","10.10.16.46","10.10.16.46","- [14/Feb/2026:07:20:14 +0000] ""GET /nmaplowercheck1771053614 HTTP/1.1"" 404 162 ""-"" ""Mozilla/5.0 (compatible; Nmap Scripting Engine; https://nmap.org/book/nse.html)""","- [14/Feb/2026:07:20:14 +0000] ""GET /nmaplowercheck1771053614 HTTP/1.1"" 404 162 ""-"" ""Mozilla/5.0 (compatible; Nmap Scripting Engine; https://nmap.org/book/nse.html)""",logstash,"filebeat: /logstash/syslog/access.log","0.992","process_archive, filebeat, beats_input_codec_plain_applied, _grokparsefailure_1100-01, _grokparsefail_6018-01","process_archive, filebeat, beats_input_codec_plain_applied, _grokparsefailure_1100-01, _grokparsefail_6018-01"
"2026-02-14 08:44:34.866 +00:00",1,"anRSW5wBjj3VEg7fxJ_D","-","logstash-2026.02","-","bb7e1ec4-e003-4ed8-82b1-1a1ec31d436f","bb7e1ec4-e003-4ed8-82b1-1a1ec31d436f","ece913e0-ebed-4674-b6b2-e5a772b6637b","ece913e0-ebed-4674-b6b2-e5a772b6637b","sof-elk","sof-elk",filebeat,filebeat,"9.1.5","9.1.5","8.0.0","8.0.0","10.10.16.46 - - [14/Feb/2026:07:20:14 +0000] ""POST / HTTP/1.1"" 405 166 ""-"" ""Mozilla/5.0 (compatible; Nmap Scripting Engine; https://nmap.org/book/nse.html)""","10.10.16.46 - - [14/Feb/2026:07:20:14 +0000] ""POST / HTTP/1.1"" 405 166 ""-"" ""Mozilla/5.0 (compatible; Nmap Scripting Engine; https://nmap.org/book/nse.html)""",filestream,filestream,syslog,syslog,"64,513",cde16b666e044aa70d9bb73d67b438d41d7dfc8fb60fa7d49061e44c9a7c1f1f,cde16b666e044aa70d9bb73d67b438d41d7dfc8fb60fa7d49061e44c9a7c1f1f,"5,636,113","/logstash/syslog/access.log","/logstash/syslog/access.log","1,788","-","-","10.10.16.46","10.10.16.46","- [14/Feb/2026:07:20:14 +0000] ""POST / HTTP/1.1"" 405 166 ""-"" ""Mozilla/5.0 (compatible; Nmap Scripting Engine; https://nmap.org/book/nse.html)""","- [14/Feb/2026:07:20:14 +0000] ""POST / HTTP/1.1"" 405 166 ""-"" ""Mozilla/5.0 (compatible; Nmap Scripting Engine; https://nmap.org/book/nse.html)""",logstash,"filebeat: /logstash/syslog/access.log","0.992","process_archive, filebeat, beats_input_codec_plain_applied, _grokparsefailure_1100-01, _grokparsefail_6018-01","process_archive, filebeat, beats_input_codec_plain_applied, _grokparsefailure_1100-01, _grokparsefail_6018-01"
"2026-02-14 08:44:34.866 +00:00",1,"bHRSW5wBjj3VEg7fxJ_D","-","logstash-2026.02","-","bb7e1ec4-e003-4ed8-82b1-1a1ec31d436f","bb7e1ec4-e003-4ed8-82b1-1a1ec31d436f","ece913e0-ebed-4674-b6b2-e5a772b6637b","ece913e0-ebed-4674-b6b2-e5a772b6637b","sof-elk","sof-elk",filebeat,filebeat,"9.1.5","9.1.5","8.0.0","8.0.0","10.10.16.46 - - [14/Feb/2026:07:20:14 +0000] ""OUNW / HTTP/1.1"" 405 166 ""-"" ""Mozilla/5.0 (compatible; Nmap Scripting Engine; https://nmap.org/book/nse.html)""","10.10.16.46 - - [14/Feb/2026:07:20:14 +0000] ""OUNW / HTTP/1.1"" 405 166 ""-"" ""Mozilla/5.0 (compatible; Nmap Scripting Engine; https://nmap.org/book/nse.html)""",filestream,filestream,syslog,syslog,"64,513",cde16b666e044aa70d9bb73d67b438d41d7dfc8fb60fa7d49061e44c9a7c1f1f,cde16b666e044aa70d9bb73d67b438d41d7dfc8fb60fa7d49061e44c9a7c1f1f,"5,636,113","/logstash/syslog/access.log","/logstash/syslog/access.log","2,432","-","-","10.10.16.46","10.10.16.46","- [14/Feb/2026:07:20:14 +0000] ""OUNW / HTTP/1.1"" 405 166 ""-"" ""Mozilla/5.0 (compatible; Nmap Scripting Engine; https://nmap.org/book/nse.html)""","- [14/Feb/2026:07:20:14 +0000] ""OUNW / HTTP/1.1"" 405 166 ""-"" ""Mozilla/5.0 (compatible; Nmap Scripting Engine; https://nmap.org/book/nse.html)""",logstash,"filebeat: /logstash/syslog/access.log","0.992","process_archive, filebeat, beats_input_codec_plain_applied, _grokparsefailure_1100-01, _grokparsefail_6018-01","process_archive, filebeat, beats_input_codec_plain_applied, _grokparsefailure_1100-01, _grokparsefail_6018-01"
"2026-02-14 08:44:34.866 +00:00",1,"8HRSW5wBjj3VEg7fxJ_D","-","logstash-2026.02","-","bb7e1ec4-e003-4ed8-82b1-1a1ec31d436f","bb7e1ec4-e003-4ed8-82b1-1a1ec31d436f","ece913e0-ebed-4674-b6b2-e5a772b6637b","ece913e0-ebed-4674-b6b2-e5a772b6637b","sof-elk","sof-elk",filebeat,filebeat,"9.1.5","9.1.5","8.0.0","8.0.0","10.10.16.46 - - [14/Feb/2026:07:20:14 +0000] ""GET /robots.txt HTTP/1.1"" 404 162 ""-"" ""Mozilla/5.0 (compatible; Nmap Scripting Engine; https://nmap.org/book/nse.html)""","10.10.16.46 - - [14/Feb/2026:07:20:14 +0000] ""GET /robots.txt HTTP/1.1"" 404 162 ""-"" ""Mozilla/5.0 (compatible; Nmap Scripting Engine; https://nmap.org/book/nse.html)""",filestream,filestream,syslog,syslog,"64,513",cde16b666e044aa70d9bb73d67b438d41d7dfc8fb60fa7d49061e44c9a7c1f1f,cde16b666e044aa70d9bb73d67b438d41d7dfc8fb60fa7d49061e44c9a7c1f1f,"5,636,113","/logstash/syslog/access.log","/logstash/syslog/access.log","1,383","-","-","10.10.16.46","10.10.16.46","- [14/Feb/2026:07:20:14 +0000] ""GET /robots.txt HTTP/1.1"" 404 162 ""-"" ""Mozilla/5.0 (compatible; Nmap Scripting Engine; https://nmap.org/book/nse.html)""","- [14/Feb/2026:07:20:14 +0000] ""GET /robots.txt HTTP/1.1"" 404 162 ""-"" ""Mozilla/5.0 (compatible; Nmap Scripting Engine; https://nmap.org/book/nse.html)""",logstash,"filebeat: /logstash/syslog/access.log","1.074","process_archive, filebeat, beats_input_codec_plain_applied, _grokparsefailure_1100-01, _grokparsefail_6018-01","process_archive, filebeat, beats_input_codec_plain_applied, _grokparsefailure_1100-01, _grokparsefail_6018-01"
"2026-02-14 08:44:34.866 +00:00",1,"8XRSW5wBjj3VEg7fxJ_D","-","logstash-2026.02","-","bb7e1ec4-e003-4ed8-82b1-1a1ec31d436f","bb7e1ec4-e003-4ed8-82b1-1a1ec31d436f","ece913e0-ebed-4674-b6b2-e5a772b6637b","ece913e0-ebed-4674-b6b2-e5a772b6637b","sof-elk","sof-elk",filebeat,filebeat,"9.1.5","9.1.5","8.0.0","8.0.0","10.10.16.46 - - [14/Feb/2026:07:20:14 +0000] ""PROPFIND / HTTP/1.1"" 405 166 ""-"" ""Mozilla/5.0 (compatible; Nmap Scripting Engine; https://nmap.org/book/nse.html)""","10.10.16.46 - - [14/Feb/2026:07:20:14 +0000] ""PROPFIND / HTTP/1.1"" 405 166 ""-"" ""Mozilla/5.0 (compatible; Nmap Scripting Engine; https://nmap.org/book/nse.html)""",filestream,filestream,syslog,syslog,"64,513",cde16b666e044aa70d9bb73d67b438d41d7dfc8fb60fa7d49061e44c9a7c1f1f,cde16b666e044aa70d9bb73d67b438d41d7dfc8fb60fa7d49061e44c9a7c1f1f,"5,636,113","/logstash/syslog/access.log","/logstash/syslog/access.log","1,945","-","-","10.10.16.46","10.10.16.46","- [14/Feb/2026:07:20:14 +0000] ""PROPFIND / HTTP/1.1"" 405 166 ""-"" ""Mozilla/5.0 (compatible; Nmap Scripting Engine; https://nmap.org/book/nse.html)""","- [14/Feb/2026:07:20:14 +0000] ""PROPFIND / HTTP/1.1"" 405 166 ""-"" ""Mozilla/5.0 (compatible; Nmap Scripting Engine; https://nmap.org/book/nse.html)""",logstash,"filebeat: /logstash/syslog/access.log","1.074","process_archive, filebeat, beats_input_codec_plain_applied, _grokparsefailure_1100-01, _grokparsefail_6018-01","process_archive, filebeat, beats_input_codec_plain_applied, _grokparsefailure_1100-01, _grokparsefail_6018-01"
"2026-02-14 08:44:34.866 +00:00",1,"8nRSW5wBjj3VEg7fxJ_D","-","logstash-2026.02","-","bb7e1ec4-e003-4ed8-82b1-1a1ec31d436f","bb7e1ec4-e003-4ed8-82b1-1a1ec31d436f","ece913e0-ebed-4674-b6b2-e5a772b6637b","ece913e0-ebed-4674-b6b2-e5a772b6637b","sof-elk","sof-elk",filebeat,filebeat,"9.1.5","9.1.5","8.0.0","8.0.0","10.10.16.46 - - [14/Feb/2026:07:20:14 +0000] ""GET /HNAP1 HTTP/1.1"" 404 162 ""-"" ""Mozilla/5.0 (compatible; Nmap Scripting Engine; https://nmap.org/book/nse.html)""","10.10.16.46 - - [14/Feb/2026:07:20:14 +0000] ""GET /HNAP1 HTTP/1.1"" 404 162 ""-"" ""Mozilla/5.0 (compatible; Nmap Scripting Engine; https://nmap.org/book/nse.html)""",filestream,filestream,syslog,syslog,"64,513",cde16b666e044aa70d9bb73d67b438d41d7dfc8fb60fa7d49061e44c9a7c1f1f,cde16b666e044aa70d9bb73d67b438d41d7dfc8fb60fa7d49061e44c9a7c1f1f,"5,636,113","/logstash/syslog/access.log","/logstash/syslog/access.log","2,589","-","-","10.10.16.46","10.10.16.46","- [14/Feb/2026:07:20:14 +0000] ""GET /HNAP1 HTTP/1.1"" 404 162 ""-"" ""Mozilla/5.0 (compatible; Nmap Scripting Engine; https://nmap.org/book/nse.html)""","- [14/Feb/2026:07:20:14 +0000] ""GET /HNAP1 HTTP/1.1"" 404 162 ""-"" ""Mozilla/5.0 (compatible; Nmap Scripting Engine; https://nmap.org/book/nse.html)""",logstash,"filebeat: /logstash/syslog/access.log","1.074","process_archive, filebeat, beats_input_codec_plain_applied, _grokparsefailure_1100-01, _grokparsefail_6018-01","process_archive, filebeat, beats_input_codec_plain_applied, _grokparsefailure_1100-01, _grokparsefail_6018-01"
"2026-02-14 08:44:34.866 +00:00",1,"83RSW5wBjj3VEg7fxJ_E","-","logstash-2026.02","-","bb7e1ec4-e003-4ed8-82b1-1a1ec31d436f","bb7e1ec4-e003-4ed8-82b1-1a1ec31d436f","ece913e0-ebed-4674-b6b2-e5a772b6637b","ece913e0-ebed-4674-b6b2-e5a772b6637b","sof-elk","sof-elk",filebeat,filebeat,"9.1.5","9.1.5","8.0.0","8.0.0","10.10.16.46 - - [14/Feb/2026:07:20:15 +0000] ""OPTIONS / HTTP/1.1"" 405 166 ""-"" ""Mozilla/5.0 (compatible; Nmap Scripting Engine; https://nmap.org/book/nse.html)""","10.10.16.46 - - [14/Feb/2026:07:20:15 +0000] ""OPTIONS / HTTP/1.1"" 405 166 ""-"" ""Mozilla/5.0 (compatible; Nmap Scripting Engine; https://nmap.org/book/nse.html)""",filestream,filestream,syslog,syslog,"64,513",cde16b666e044aa70d9bb73d67b438d41d7dfc8fb60fa7d49061e44c9a7c1f1f,cde16b666e044aa70d9bb73d67b438d41d7dfc8fb60fa7d49061e44c9a7c1f1f,"5,636,113","/logstash/syslog/access.log","/logstash/syslog/access.log","3,234","-","-","10.10.16.46","10.10.16.46","- [14/Feb/2026:07:20:15 +0000] ""OPTIONS / HTTP/1.1"" 405 166 ""-"" ""Mozilla/5.0 (compatible; Nmap Scripting Engine; https://nmap.org/book/nse.html)""","- [14/Feb/2026:07:20:15 +0000] ""OPTIONS / HTTP/1.1"" 405 166 ""-"" ""Mozilla/5.0 (compatible; Nmap Scripting Engine; https://nmap.org/book/nse.html)""",logstash,"filebeat: /logstash/syslog/access.log","1.074","process_archive, filebeat, beats_input_codec_plain_applied, _grokparsefailure_1100-01, _grokparsefail_6018-01","process_archive, filebeat, beats_input_codec_plain_applied, _grokparsefailure_1100-01, _grokparsefail_6018-01"
"2026-02-14 08:44:34.866 +00:00",1,"9HRSW5wBjj3VEg7fxJ_E","-","logstash-2026.02","-","bb7e1ec4-e003-4ed8-82b1-1a1ec31d436f","bb7e1ec4-e003-4ed8-82b1-1a1ec31d436f","ece913e0-ebed-4674-b6b2-e5a772b6637b","ece913e0-ebed-4674-b6b2-e5a772b6637b","sof-elk","sof-elk",filebeat,filebeat,"9.1.5","9.1.5","8.0.0","8.0.0","10.10.16.46 - - [14/Feb/2026:07:20:16 +0000] ""OPTIONS / HTTP/1.1"" 405 166 ""-"" ""Mozilla/5.0 (compatible; Nmap Scripting Engine; https://nmap.org/book/nse.html)""","10.10.16.46 - - [14/Feb/2026:07:20:16 +0000] ""OPTIONS / HTTP/1.1"" 405 166 ""-"" ""Mozilla/5.0 (compatible; Nmap Scripting Engine; https://nmap.org/book/nse.html)""",filestream,filestream,syslog,syslog,"64,513",cde16b666e044aa70d9bb73d67b438d41d7dfc8fb60fa7d49061e44c9a7c1f1f,cde16b666e044aa70d9bb73d67b438d41d7dfc8fb60fa7d49061e44c9a7c1f1f,"5,636,113","/logstash/syslog/access.log","/logstash/syslog/access.log","3,866","-","-","10.10.16.46","10.10.16.46","- [14/Feb/2026:07:20:16 +0000] ""OPTIONS / HTTP/1.1"" 405 166 ""-"" ""Mozilla/5.0 (compatible; Nmap Scripting Engine; https://nmap.org/book/nse.html)""","- [14/Feb/2026:07:20:16 +0000] ""OPTIONS / HTTP/1.1"" 405 166 ""-"" ""Mozilla/5.0 (compatible; Nmap Scripting Engine; https://nmap.org/book/nse.html)""",logstash,"filebeat: /logstash/syslog/access.log","1.074","process_archive, filebeat, beats_input_codec_plain_applied, _grokparsefailure_1100-01, _grokparsefail_6018-01","process_archive, filebeat, beats_input_codec_plain_applied, _grokparsefailure_1100-01, _grokparsefail_6018-01"
"2026-02-14 08:44:34.866 +00:00",1,"9XRSW5wBjj3VEg7fxJ_E","-","logstash-2026.02","-","bb7e1ec4-e003-4ed8-82b1-1a1ec31d436f","bb7e1ec4-e003-4ed8-82b1-1a1ec31d436f","ece913e0-ebed-4674-b6b2-e5a772b6637b","ece913e0-ebed-4674-b6b2-e5a772b6637b","sof-elk","sof-elk",filebeat,filebeat,"9.1.5","9.1.5","8.0.0","8.0.0","10.10.16.46 - - [14/Feb/2026:07:20:17 +0000] ""OPTIONS / HTTP/1.1"" 405 166 ""-"" ""Mozilla/5.0 (compatible; Nmap Scripting Engine; https://nmap.org/book/nse.html)""","10.10.16.46 - - [14/Feb/2026:07:20:17 +0000] ""OPTIONS / HTTP/1.1"" 405 166 ""-"" ""Mozilla/5.0 (compatible; Nmap Scripting Engine; https://nmap.org/book/nse.html)""",filestream,filestream,syslog,syslog,"64,513",cde16b666e044aa70d9bb73d67b438d41d7dfc8fb60fa7d49061e44c9a7c1f1f,cde16b666e044aa70d9bb73d67b438d41d7dfc8fb60fa7d49061e44c9a7c1f1f,"5,636,113","/logstash/syslog/access.log","/logstash/syslog/access.log","4,506","-","-","10.10.16.46","10.10.16.46","- [14/Feb/2026:07:20:17 +0000] ""OPTIONS / HTTP/1.1"" 405 166 ""-"" ""Mozilla/5.0 (compatible; Nmap Scripting Engine; https://nmap.org/book/nse.html)""","- [14/Feb/2026:07:20:17 +0000] ""OPTIONS / HTTP/1.1"" 405 166 ""-"" ""Mozilla/5.0 (compatible; Nmap Scripting Engine; https://nmap.org/book/nse.html)""",logstash,"filebeat: /logstash/syslog/access.log","1.074","process_archive, filebeat, beats_input_codec_plain_applied, _grokparsefailure_1100-01, _grokparsefail_6018-01","process_archive, filebeat, beats_input_codec_plain_applied, _grokparsefailure_1100-01, _grokparsefail_6018-01"
